Total AVI Frames: 104
Frames Processed: 104
endoPoints: 20
epiPoints: 31
---Frame 0---
--endo--
369	400	429	452	476	486	479	458	433	404	374	346	318	294	277	269	275	287	311	339	
408	406	397	383	354	322	294	270	250	237	235	241	254	273	300	328	356	383	401	411	
--epi--
390	419	448	474	501	519	535	542	543	538	528	511	491	466	438	406	376	347	318	291	275	259	256	252	252	257	266	283	305	331	360	
457	454	446	431	411	388	361	331	301	273	243	218	196	178	166	157	155	165	177	197	218	248	276	304	333	361	391	415	434	448	455	
---Frame 1---
--endo--
368	335	364	453	475	489	479	393	368	407	378	281	253	229	278	270	270	288	246	341	
405	341	332	380	352	319	289	205	185	234	232	176	189	208	295	323	355	378	336	414	
--epi--
325	354	451	473	500	454	470	477	478	473	463	512	491	468	373	341	311	282	253	226	276	259	191	187	255	258	201	218	305	328	358	
392	389	441	426	408	323	296	266	236	208	178	213	193	175	101	92	90	100	112	132	215	246	211	239	330	357	326	350	430	446	450	
---Frame 2---
--endo--
369	339	368	455	475	421	478	397	372	408	378	282	257	233	277	269	272	288	250	340	
404	345	336	377	352	257	289	209	189	232	231	180	193	212	297	324	351	377	340	418	
--epi--
329	358	450	473	504	458	471	480	480	477	467	512	490	469	376	342	315	286	257	230	277	261	195	191	256	258	205	222	306	332	354	
396	393	442	425	405	327	300	270	240	212	182	212	193	175	104	93	94	104	116	136	214	244	215	243	330	356	330	354	430	441	448	
---Frame 3---
--endo--
369	343	372	456	475	424	479	401	376	409	382	284	261	237	280	272	272	291	254	340	
405	349	340	377	352	261	288	213	193	233	227	184	197	216	298	322	352	375	344	419	
--epi--
333	362	451	473	503	462	475	480	480	481	471	514	493	469	380	346	319	287	258	234	275	261	196	195	259	261	209	226	305	330	355	
400	397	440	423	406	331	304	274	244	216	186	211	192	175	108	97	98	107	120	140	216	245	219	247	327	353	334	358	431	442	447	
---Frame 4---
--endo--
368	347	376	453	478	423	479	405	380	413	386	288	265	241	282	272	272	286	258	340	
406	353	344	381	349	265	288	217	197	228	225	188	201	220	294	323	354	378	348	421	
--epi--
337	366	448	473	505	466	479	484	483	485	475	511	490	466	381	350	322	291	262	238	279	265	200	199	261	262	213	230	306	330	356	
404	401	442	422	406	335	308	278	248	220	190	214	193	176	112	101	102	111	124	144	214	243	223	251	327	353	338	362	431	442	447	
---Frame 5---
--endo--
371	343	374	452	475	427	480	407	382	412	382	292	266	245	286	276	275	285	257	341	
405	356	346	381	352	269	288	220	201	231	229	191	200	219	292	321	358	381	350	416	
--epi--
341	366	448	473	500	465	477	488	487	487	473	515	426	469	385	353	324	295	266	236	278	267	201	203	261	262	210	231	310	330	354	
403	402	440	422	408	337	311	282	251	222	194	212	131	174	115	105	103	112	126	146	214	242	225	251	328	353	342	361	428	441	450	
---Frame 6---
--endo--
374	341	375	453	479	427	481	405	379	413	382	290	263	249	289	279	277	286	261	340	
404	359	346	380	350	273	287	220	204	230	228	193	202	218	290	319	358	379	348	420	
--epi--
343	366	449	473	501	464	478	485	482	489	470	511	429	467	380	351	325	294	268	237	277	265	205	207	262	263	213	226	310	331	353	
402	402	438	422	408	337	310	283	255	221	196	215	135	176	119	105	103	113	124	146	214	244	223	249	328	352	339	364	428	441	450	
---Frame 7---
--endo--
304	345	377	456	479	425	483	402	380	416	382	289	263	244	289	280	279	284	256	340	
343	355	345	377	350	277	287	219	203	228	226	195	203	220	291	318	361	381	351	415	
--epi--
345	363	449	473	503	466	479	484	482	492	473	511	429	401	378	352	327	293	265	239	275	267	202	209	265	265	211	225	308	332	352	
402	404	437	422	406	336	309	283	259	219	194	215	139	113	120	106	101	114	127	145	215	242	224	249	327	350	340	366	431	439	452	
---Frame 8---
--endo--
305	348	379	453	476	424	483	399	381	420	381	290	259	244	288	280	279	284	260	340	
347	353	344	379	352	281	288	220	203	231	223	194	207	220	291	318	356	382	348	415	
--epi--
343	364	449	473	502	469	482	482	484	493	474	514	433	405	379	356	328	290	268	236	279	270	201	209	268	263	214	222	312	330	354	
402	403	438	422	407	335	308	287	260	219	196	211	143	117	122	104	101	117	124	147	212	240	224	249	322	352	338	368	428	441	449	
---Frame 9---
--endo--
309	344	376	456	477	423	487	400	381	421	376	292	258	245	291	281	280	286	261	341	
351	355	345	377	351	285	288	220	202	235	226	192	209	219	287	317	358	378	348	415	
--epi--
343	367	447	473	501	465	479	482	486	488	477	515	437	409	378	352	328	293	271	240	281	268	203	205	269	267	213	221	308	328	353	
402	402	440	423	408	337	309	287	256	220	192	211	144	121	119	104	100	114	123	145	211	241	225	249	321	350	339	371	429	445	449	
---Frame 10---
--endo--
313	345	374	452	476	422	490	397	381	418	376	289	257	243	291	276	280	285	260	342	
355	356	347	378	352	287	288	224	201	230	226	194	210	221	287	321	356	381	348	413	
--epi--
342	364	450	472	505	465	481	482	487	486	476	513	441	413	381	356	331	292	271	244	285	272	207	209	266	266	217	225	309	324	352	
402	405	439	427	405	337	309	287	252	221	193	211	142	125	119	104	100	114	122	144	209	239	221	249	325	351	337	367	428	448	449	
---Frame 11---
--endo--
248	280	309	452	476	426	425	332	379	353	311	288	261	246	293	277	282	285	262	341	
290	291	282	374	350	284	223	159	199	165	161	192	205	225	283	319	360	377	343	410	
--epi--
343	299	450	472	504	468	480	482	422	421	411	514	444	413	381	291	332	290	273	241	286	276	205	206	201	267	214	224	309	319	347	
402	340	437	426	401	333	307	283	187	156	128	206	139	123	115	39	101	116	125	148	205	235	220	246	260	346	334	365	425	448	444	
---Frame 12---
--endo--
249	284	313	456	477	426	429	336	381	357	312	291	258	245	294	278	282	285	263	341	
294	295	286	370	350	283	227	163	195	169	165	188	208	229	286	317	362	379	343	410	
--epi--
343	303	452	472	505	466	480	481	424	425	415	518	447	414	381	291	335	290	275	236	284	279	205	205	205	269	217	224	308	321	347	
401	344	434	428	402	334	307	284	191	160	132	203	137	122	114	39	105	114	128	143	207	233	220	247	264	345	330	365	424	447	442	
---Frame 13---
--endo--
250	288	317	453	476	425	433	338	385	360	316	292	256	243	294	281	283	286	259	341	
298	299	290	373	350	284	231	167	191	173	169	187	207	228	282	314	357	379	346	410	
--epi--
343	307	449	472	506	466	480	482	424	429	419	519	449	415	384	291	335	290	273	236	288	278	205	205	209	271	218	224	307	320	346	
397	348	437	426	402	334	307	283	195	164	136	203	136	122	112	39	103	114	130	143	204	234	220	247	268	344	330	364	427	447	444	
---Frame 14---
--endo--
254	292	321	455	480	425	437	342	381	361	320	288	256	244	296	278	284	290	263	344	
302	303	294	371	348	284	235	171	194	177	173	190	206	232	280	316	354	376	343	406	
--epi--
343	311	449	471	505	469	416	481	425	433	423	523	445	415	381	291	335	288	271	237	288	280	206	208	213	275	220	225	309	324	346	
397	352	435	421	402	332	244	283	199	168	140	204	138	122	113	39	103	109	129	141	204	233	217	242	272	341	328	363	422	443	443	
---Frame 15---
--endo--
257	288	323	455	483	426	440	341	378	358	322	288	258	244	298	278	279	291	261	341	
304	307	295	372	347	284	235	174	198	181	172	190	205	232	279	316	352	376	345	409	
--epi--
345	312	449	470	504	473	417	483	425	433	427	520	442	418	383	291	338	292	270	241	287	281	205	211	210	274	220	227	307	325	346	
392	353	434	423	402	330	248	283	200	170	139	204	140	120	111	39	101	105	130	137	204	232	220	239	275	342	328	362	426	442	442	
---Frame 16---
--endo--
253	288	322	451	479	425	442	338	376	361	321	290	257	244	298	280	282	292	261	341	
307	308	295	375	349	284	235	178	200	178	173	189	205	231	280	315	349	375	346	408	
--epi--
343	312	453	470	507	471	421	483	429	431	426	523	443	415	384	291	335	289	270	238	285	276	205	210	211	275	216	227	304	327	344	
396	353	438	423	404	332	252	284	204	173	139	207	139	121	110	39	103	108	131	141	206	235	220	240	276	342	331	361	428	440	445	
---Frame 17---
--endo--
251	288	322	453	483	426	440	342	376	363	325	291	258	245	299	279	282	293	264	342	
310	309	295	373	348	284	236	173	200	178	171	188	204	235	279	316	350	375	344	407	
--epi--
343	312	452	469	507	472	425	482	432	430	427	522	442	415	386	291	337	291	271	240	288	280	205	210	211	272	214	222	306	326	343	
396	352	437	424	406	332	256	285	207	175	139	207	140	121	109	39	107	106	134	139	204	232	220	240	277	345	335	365	426	441	447	
---Frame 18---
--endo--
255	291	317	452	411	426	437	343	376	360	324	295	257	245	303	281	281	294	266	341	
305	305	298	374	287	284	238	172	200	180	172	192	203	233	276	315	353	375	343	408	
--epi--
341	312	449	468	508	476	427	417	430	430	423	523	446	416	390	291	336	291	271	239	285	275	208	209	208	268	216	225	305	324	342	
399	352	432	425	410	331	257	222	209	176	141	208	138	121	107	39	105	106	138	141	206	234	215	241	281	348	331	361	426	443	449	
---Frame 19---
--endo--
255	292	319	452	415	430	441	343	376	363	322	296	259	245	301	279	285	293	270	340	
305	305	297	373	291	281	236	173	200	179	172	193	202	232	280	318	349	376	341	412	
--epi--
343	311	449	468	506	480	424	420	430	431	424	523	449	417	388	291	335	294	271	243	285	277	210	213	212	271	216	227	308	328	342	
397	352	431	422	406	329	260	226	209	171	140	212	137	121	108	39	100	104	134	145	206	232	213	238	276	346	331	359	429	440	449	
---Frame 20---
--endo--
253	291	319	452	419	431	440	342	376	360	322	296	255	246	301	281	282	294	268	340	
307	306	297	374	295	280	237	173	200	181	172	192	206	229	281	317	353	376	342	411	
--epi--
341	311	447	467	503	480	422	420	429	428	423	522	446	413	386	291	335	294	270	244	285	278	212	212	215	273	217	227	311	329	342	
400	353	435	423	403	329	261	230	213	175	141	213	138	123	109	39	104	104	132	147	206	232	212	239	274	345	330	359	431	439	450	
---Frame 21---
--endo--
188	293	320	454	354	433	375	343	374	363	326	295	251	247	236	285	285	298	271	339	
242	303	299	369	230	275	172	168	198	178	167	189	201	230	216	314	349	373	339	406	
--epi--
343	308	443	463	507	415	426	355	433	429	426	457	381	416	384	289	338	292	269	241	288	277	211	209	212	276	215	225	313	324	339	
395	348	433	421	401	264	258	165	216	171	138	148	73	120	108	39	105	101	136	142	201	230	208	237	272	341	327	358	434	438	445	
---Frame 22---
--endo--
189	295	318	452	358	432	379	347	374	367	327	297	252	247	240	286	289	302	273	342	
246	303	299	371	234	276	176	164	198	177	165	186	200	234	220	313	346	368	338	403	
--epi--
340	312	439	462	503	419	357	359	431	433	426	461	384	417	384	289	339	291	269	240	290	278	215	209	213	279	217	225	308	328	342	
398	343	435	422	398	268	196	169	219	169	138	152	77	119	108	39	108	103	139	143	199	229	205	237	270	339	323	358	429	433	441	
---Frame 23---
--endo--
189	295	316	387	362	431	383	345	377	370	327	301	252	248	244	289	291	303	277	340	
250	303	295	309	238	276	180	166	193	173	164	181	200	234	224	311	345	368	336	404	
--epi--
340	309	443	461	505	423	357	363	430	436	428	465	383	412	384	289	338	291	269	239	294	281	217	209	215	281	216	228	310	332	341	
398	347	430	423	396	272	200	173	222	167	136	156	81	121	108	39	105	99	137	144	196	227	203	237	266	338	324	354	433	430	442	
---Frame 24---
--endo--
189	297	319	391	366	433	387	349	379	371	330	300	252	249	248	290	293	307	280	340	
254	302	292	313	242	274	184	164	191	172	160	181	200	231	228	311	344	364	334	404	
--epi--
343	310	441	460	504	427	361	366	430	436	431	469	384	413	386	289	336	291	271	243	291	279	216	212	219	284	216	227	306	333	344	
395	345	431	422	396	276	204	177	222	167	136	160	84	120	105	39	102	103	140	139	198	228	204	232	263	336	324	354	431	430	441	
---Frame 25---
--endo--
189	301	323	394	369	433	389	353	383	373	331	300	252	249	249	291	293	304	280	339	
258	300	290	317	241	274	184	161	189	170	160	181	200	230	229	311	345	368	334	404	
--epi--
344	309	442	459	500	424	365	365	434	440	426	470	384	415	387	289	336	291	269	247	293	281	212	215	219	285	220	226	310	331	344	
394	349	429	423	399	279	208	180	221	165	138	162	87	120	105	39	106	98	136	137	196	226	207	230	263	336	320	354	432	431	441	
---Frame 26---
--endo--
193	301	321	398	367	431	391	355	378	372	329	298	250	248	249	293	294	305	284	340	
262	301	290	321	242	276	183	161	192	171	161	182	203	228	231	310	345	368	338	403	
--epi--
345	309	440	458	499	421	369	362	431	442	358	468	385	417	385	289	335	292	269	247	294	285	212	219	216	284	220	224	311	334	340	
393	350	431	424	398	281	212	183	222	164	76	163	84	119	106	39	105	102	135	137	195	223	207	227	266	337	320	358	431	430	445	
---Frame 27---
--endo--
194	303	321	395	362	430	391	351	381	370	326	297	252	247	252	295	298	308	285	339	
261	300	290	324	245	276	184	163	190	175	165	184	201	232	231	309	341	366	342	403	
--epi--
347	312	441	460	495	425	371	360	428	439	362	465	383	418	388	289	338	291	271	247	290	281	215	214	216	287	220	224	306	331	337	
392	345	430	428	402	277	212	185	225	166	80	165	87	118	104	39	100	104	139	137	197	225	205	231	267	336	320	358	431	432	448	
---Frame 28---
--endo--
194	306	324	396	359	434	387	352	381	369	324	298	250	246	252	296	301	309	285	340	
261	297	288	324	246	275	186	163	190	176	168	183	204	230	230	307	339	365	338	402	
--epi--
342	314	440	463	498	429	373	359	428	443	366	464	385	422	384	289	338	292	271	244	293	280	215	213	216	290	218	226	306	329	338	
396	344	431	425	397	274	211	186	228	170	84	167	84	117	108	39	96	103	141	139	194	225	205	232	267	340	322	354	431	434	447	
---Frame 29---
--endo--
194	310	328	394	359	430	391	354	381	371	326	298	250	247	250	295	299	313	285	343	
261	292	286	325	250	278	184	162	190	174	165	183	204	234	231	310	341	369	335	401	
--epi--
344	312	444	462	497	425	377	361	428	447	369	461	385	420	388	289	337	292	269	241	290	284	215	212	216	290	218	227	307	328	341	
394	348	427	420	398	276	209	185	228	171	88	171	84	118	104	39	95	107	139	143	196	222	205	233	267	340	322	353	430	435	443	
---Frame 30---
--endo--
193	310	329	393	361	366	392	352	384	373	329	295	249	248	249	298	301	313	286	340	
263	291	286	328	247	215	184	163	189	171	161	187	206	233	231	305	339	373	339	404	
--epi--
343	315	444	460	501	424	374	364	432	451	370	461	385	424	386	288	338	292	270	245	291	283	218	212	215	291	221	230	307	329	342	
395	345	427	422	395	275	210	183	226	172	88	173	84	116	105	39	95	109	143	139	196	222	203	233	268	344	319	351	430	435	443	
---Frame 31---
--endo--
194	245	331	328	296	370	392	287	388	308	330	296	244	251	251	233	302	315	221	341	
260	226	283	263	182	212	181	98	188	106	157	184	202	237	229	240	336	369	274	399	
--epi--
344	313	439	462	496	359	374	299	434	386	374	396	389	428	321	285	334	290	270	248	294	281	218	212	214	226	218	229	307	329	337	
393	344	422	420	390	210	208	118	230	107	92	108	87	113	40	39	91	110	145	143	194	220	198	228	263	279	318	347	426	431	442	
---Frame 32---
--endo--
194	247	332	332	300	373	393	291	389	312	328	297	247	251	252	237	305	316	225	340	
260	230	283	267	186	209	181	102	186	110	158	182	198	232	232	244	334	369	278	399	
--epi--
344	315	438	457	494	363	374	303	435	390	376	400	393	428	321	282	336	289	271	248	291	283	220	216	215	230	220	232	308	330	337	
393	340	423	416	391	214	208	122	232	111	94	112	88	112	40	40	95	108	148	147	191	217	196	224	262	283	314	345	426	431	442	
---Frame 33---
--endo--
198	251	334	336	304	371	395	293	388	316	328	299	246	252	253	241	306	317	221	340	
255	234	282	271	190	210	180	106	187	114	159	180	200	232	232	248	333	369	282	399	
--epi--
343	314	434	452	494	367	375	307	433	393	376	400	392	429	321	282	333	289	274	248	290	281	219	220	214	230	223	235	310	328	341	
393	342	427	420	390	218	207	126	236	115	94	116	88	111	40	40	92	108	152	149	193	221	198	221	263	286	310	343	424	432	437	
---Frame 34---
--endo--
195	255	337	340	308	370	392	297	386	318	332	302	246	253	253	245	310	320	222	342	
259	238	280	275	194	211	182	110	189	118	154	177	200	236	230	252	331	367	286	397	
--epi--
343	315	435	450	494	371	377	311	434	397	378	404	395	430	321	282	336	291	275	248	294	282	223	219	218	230	226	233	306	330	341	
392	342	427	422	390	222	205	130	236	119	97	120	90	109	40	40	96	105	153	151	194	218	195	222	260	286	308	344	426	431	437	
---Frame 35---
--endo--
194	257	335	338	309	372	394	297	387	322	334	300	246	252	253	248	308	324	226	340	
260	240	282	278	196	209	181	112	187	120	153	180	200	234	233	254	333	365	290	399	
--epi--
344	316	437	454	494	372	381	313	433	397	379	408	398	425	321	285	333	291	275	248	294	283	223	214	218	230	229	235	305	334	342	
391	342	424	417	390	226	202	131	237	121	101	121	90	113	40	39	93	105	150	151	194	218	195	226	260	285	307	343	429	428	436	
---Frame 36---
--endo--
194	256	339	338	309	372	394	301	386	320	333	298	247	252	252	250	310	323	226	343	
260	242	281	277	195	209	180	110	187	121	154	182	198	236	229	253	332	367	294	403	
--epi--
345	319	436	451	494	376	377	312	432	393	377	404	396	425	321	282	333	291	275	248	294	284	224	218	217	230	232	235	308	337	344	
389	340	426	421	392	224	206	132	241	125	102	125	90	113	40	40	93	105	148	148	195	217	194	223	261	285	306	343	427	426	434	
---Frame 37---
--endo--
196	260	341	342	306	376	391	302	385	316	330	295	244	253	253	254	313	326	228	341	
258	238	280	274	199	207	182	110	190	124	157	184	202	240	232	251	330	366	292	405	
--epi--
346	316	438	454	493	379	375	308	433	392	376	400	393	429	321	282	334	294	272	248	294	287	224	214	217	230	236	235	306	336	345	
388	343	422	416	396	223	208	133	241	126	97	128	89	110	40	40	95	102	144	148	194	215	194	226	261	285	305	343	428	427	433	
---Frame 38---
--endo--
193	261	344	341	303	379	393	301	384	314	329	298	246	252	253	258	316	327	227	340	
261	238	284	275	202	206	181	110	190	122	158	180	200	238	232	250	334	366	293	404	
--epi--
344	318	440	453	496	374	375	309	433	392	376	402	394	425	321	282	333	294	271	249	294	289	225	214	218	230	232	233	308	335	341	
390	341	419	417	395	224	208	132	241	125	99	125	91	114	40	40	94	102	142	147	197	213	193	226	260	285	306	344	428	427	436	
---Frame 39---
--endo--
193	260	345	343	303	383	396	296	382	315	330	302	247	253	254	259	311	329	227	344	
261	239	288	274	201	210	179	113	186	125	157	176	199	240	236	250	332	362	293	405	
--epi--
347	321	439	451	497	373	377	311	433	393	377	399	394	425	321	282	330	294	272	250	295	289	226	214	219	230	232	231	308	337	342	
387	339	420	421	394	224	207	132	242	124	97	129	91	114	40	40	91	101	143	150	198	213	192	226	259	285	306	345	428	426	435	
---Frame 40---
--endo--
196	256	345	343	304	383	396	295	380	313	334	302	247	253	255	255	315	329	226	347	
258	242	287	273	198	214	179	116	187	126	153	176	199	235	238	251	329	362	295	406	
--epi--
351	323	438	453	499	375	379	310	431	395	381	403	397	425	321	282	333	294	271	250	296	286	223	211	218	230	232	231	312	335	343	
384	337	421	417	394	222	205	132	243	123	97	124	92	114	40	40	95	102	144	145	193	215	194	229	260	285	306	345	425	427	435	
---Frame 41---
--endo--
198	256	280	278	307	385	331	292	382	314	337	302	244	249	250	252	317	332	227	350	
253	240	222	208	202	209	114	119	186	128	148	174	194	230	235	249	326	359	291	405	
--epi--
351	323	433	448	503	374	378	305	433	394	316	402	332	428	318	278	329	293	271	250	295	288	223	209	216	229	232	231	315	335	339	
381	334	417	412	396	220	202	127	245	118	32	120	27	111	40	40	94	106	143	149	189	210	190	228	259	281	304	341	420	422	431	
---Frame 42---
--endo--
202	251	284	282	307	385	335	289	379	315	341	304	245	246	248	250	321	336	225	348	
249	240	226	212	206	210	118	114	181	128	145	171	192	234	237	251	323	356	292	401	
--epi--
354	326	433	443	507	378	380	303	435	397	316	405	332	426	322	273	329	293	271	245	298	290	224	212	216	231	235	235	314	338	338	
378	331	417	416	393	216	201	126	242	117	32	119	27	112	40	42	94	110	144	144	185	209	189	224	259	279	302	339	420	420	433	
---Frame 43---
--endo--
202	250	288	286	306	389	339	293	383	316	340	306	245	250	248	252	323	339	225	352	
249	242	227	216	207	208	122	118	185	129	146	169	192	230	237	249	322	355	292	405	
--epi--
355	328	434	442	507	382	380	303	434	398	316	403	332	427	318	273	327	293	272	249	300	288	227	214	216	231	235	235	311	340	337	
377	329	415	418	394	214	201	126	240	117	32	121	27	110	40	42	89	114	147	139	183	209	186	222	259	279	302	339	422	419	435	
---Frame 44---
--endo--
202	250	292	290	306	385	343	292	379	315	339	306	244	250	247	253	327	336	225	354	
249	242	230	220	206	211	126	117	181	126	146	169	193	230	239	247	320	358	292	404	
--epi--
350	332	432	444	511	386	382	303	366	402	316	403	332	427	315	273	329	293	271	252	300	290	227	214	216	234	232	235	313	343	340	
379	326	419	414	393	212	200	126	178	114	32	120	27	110	41	42	93	117	144	143	183	208	186	222	259	277	304	339	421	417	431	
---Frame 45---
--endo--
204	250	293	289	305	389	346	289	383	315	339	303	245	254	249	252	324	336	229	357	
247	242	228	224	206	209	130	114	179	128	147	172	192	225	237	248	322	358	288	404	
--epi--
354	332	433	442	509	387	380	303	368	398	316	402	332	425	312	273	327	293	267	252	297	294	223	214	216	235	235	235	313	343	339	
375	326	417	417	391	212	203	126	182	116	32	121	27	112	42	42	88	117	139	147	187	211	190	222	259	276	302	339	421	417	432	
---Frame 46---
--endo--
206	250	297	290	306	389	348	292	386	315	339	301	245	252	251	255	327	336	233	361	
246	241	231	222	209	209	129	117	177	132	147	174	193	226	233	243	319	358	285	405	
--epi--
353	329	434	444	513	383	384	303	368	394	316	406	332	427	312	270	327	293	270	252	299	297	226	212	216	238	239	236	314	341	341	
375	329	415	412	386	214	199	126	186	117	32	119	27	111	42	43	89	117	136	148	183	213	187	224	259	273	299	338	420	418	430	
---Frame 47---
--endo--
206	253	301	289	307	390	347	290	382	315	341	301	245	250	252	255	324	337	231	358	
246	237	233	224	207	209	130	113	180	133	145	174	193	229	232	244	321	357	286	403	
--epi--
350	327	433	443	512	386	383	304	370	394	316	403	332	360	312	267	326	293	273	252	300	294	224	212	216	234	240	238	312	341	339	
377	331	417	414	389	213	201	125	190	117	32	120	27	49	42	39	90	117	134	147	183	214	189	224	259	276	298	337	421	418	432	
---Frame 48---
--endo--
201	257	299	287	307	392	346	292	385	315	342	302	245	247	254	256	325	336	230	361	
249	232	233	225	204	207	133	111	177	134	143	173	192	232	229	242	325	357	287	407	
--epi--
352	329	434	443	509	386	382	305	374	396	316	400	332	364	312	267	328	293	273	251	300	292	223	214	216	238	242	241	316	339	338	
375	327	415	414	388	213	202	124	194	116	32	123	27	53	42	39	93	116	134	145	184	214	190	222	259	273	298	336	419	419	433	
---Frame 49---
--endo--
204	255	301	284	308	394	348	293	384	315	343	302	244	247	253	256	324	337	229	362	
247	233	232	229	206	206	130	110	179	132	143	173	192	231	230	241	329	357	288	411	
--epi--
351	331	435	442	512	387	382	303	372	396	316	403	332	368	312	267	328	293	268	250	298	296	226	214	219	237	242	237	315	334	340	
375	325	413	416	389	212	202	127	197	116	32	119	27	57	42	39	93	115	138	147	187	217	187	222	254	274	298	338	420	421	430	
---Frame 50---
--endo--
206	255	300	282	308	398	349	295	385	316	344	303	244	246	251	254	323	339	225	362	
246	233	234	233	203	210	129	108	178	134	143	173	192	232	231	242	327	357	291	415	
--epi--
352	333	434	442	511	388	386	304	374	399	316	399	332	372	312	267	329	293	271	250	300	292	230	216	219	236	243	241	319	334	336	
374	324	415	417	387	212	199	126	195	114	32	122	27	61	42	39	94	111	135	149	191	212	184	220	253	275	298	337	418	421	434	
---Frame 51---
--endo--
206	256	296	279	304	398	351	296	320	311	344	305	247	249	253	249	322	274	224	366	
241	236	231	231	202	205	133	104	113	129	138	169	194	236	235	237	322	292	286	416	
--epi--
354	336	432	437	513	390	385	302	374	395	311	394	327	367	309	266	324	291	266	247	304	290	229	214	217	235	178	176	318	331	333	
370	322	416	412	389	209	195	128	193	110	32	120	22	59	42	39	92	109	133	145	189	211	179	219	251	270	233	272	415	420	432	
---Frame 52---
--endo--
206	257	294	282	305	399	350	298	324	307	347	309	247	250	254	251	322	278	227	366	
240	235	234	228	202	204	136	99	117	132	135	165	191	236	233	236	322	296	283	418	
--epi--
355	337	434	436	512	393	387	302	373	398	306	394	327	362	306	266	327	292	267	247	302	290	228	214	217	238	182	180	315	330	337	
370	322	419	411	393	207	193	127	193	106	32	119	19	59	42	39	96	113	131	145	185	211	182	219	251	267	237	276	417	420	427	
---Frame 53---
--endo--
210	260	296	281	308	402	351	299	328	307	346	306	248	251	256	251	322	282	230	365	
236	232	232	229	197	200	138	100	121	132	135	169	193	231	231	237	322	300	281	418	
--epi--
356	337	433	438	514	389	386	302	373	399	302	394	327	357	303	261	324	292	267	249	305	292	230	213	217	236	186	184	319	333	337	
371	326	418	409	390	210	194	127	193	105	32	119	19	60	42	39	91	117	131	149	183	208	177	219	250	268	241	280	414	416	428	
---Frame 54---
--endo--
207	262	297	285	310	397	350	299	332	307	345	306	248	252	258	254	325	286	233	365	
238	231	232	226	193	204	141	99	125	132	135	170	190	235	231	234	320	304	279	422	
--epi--
287	337	433	439	515	389	387	302	373	397	302	395	327	356	303	256	325	292	264	250	304	295	234	211	217	239	190	188	318	337	337	
309	330	417	409	387	209	192	129	193	108	32	119	19	57	42	39	92	120	134	153	186	207	174	220	249	265	245	284	414	414	428	
---Frame 55---
--endo--
209	264	295	287	307	397	351	299	334	306	347	307	248	250	257	253	329	289	231	367	
236	230	233	225	195	202	140	102	127	134	133	168	194	238	230	234	324	306	280	426	
--epi--
291	336	437	439	516	387	389	302	376	399	302	395	327	356	303	251	323	293	264	251	307	298	232	213	217	235	188	188	314	333	337	
313	334	420	409	386	209	189	128	190	105	32	119	19	58	42	39	88	124	134	149	183	211	175	218	248	269	246	285	418	416	428	
---Frame 56---
--endo--
209	260	296	291	308	396	352	299	338	306	343	307	247	251	257	255	328	289	229	369	
236	230	232	224	195	203	141	98	125	134	135	168	190	234	233	232	324	306	281	427	
--epi--
294	339	436	439	517	391	387	302	379	401	302	395	327	356	303	251	327	293	267	251	309	298	230	216	219	237	186	186	316	336	339	
317	337	420	409	388	204	191	128	192	105	32	120	19	58	42	39	92	127	131	148	185	212	177	213	244	267	250	286	416	414	426	
---Frame 57---
--endo--
209	263	299	293	310	392	353	299	334	307	340	308	242	252	257	251	327	289	227	368	
236	229	229	228	194	207	142	97	127	133	139	166	185	233	232	236	325	306	282	425	
--epi--
298	339	434	439	519	389	385	302	381	400	302	398	327	356	303	251	328	294	269	250	312	298	234	218	217	234	190	187	315	335	342	
321	332	419	409	392	204	193	128	195	106	32	117	19	57	42	39	96	125	130	150	185	210	173	211	247	271	248	286	416	415	424	
---Frame 58---
--endo--
210	263	299	291	314	393	354	300	329	307	342	306	240	252	258	250	328	290	224	370	
235	229	229	223	193	205	141	99	130	133	135	168	187	229	236	237	324	305	285	427	
--epi--
300	268	433	435	521	392	382	301	380	399	302	396	327	358	303	251	329	293	272	249	316	293	230	217	217	234	193	191	317	335	346	
325	259	418	412	390	201	197	126	197	106	32	120	19	59	42	39	96	120	127	150	180	208	176	212	246	271	245	285	416	415	422	
---Frame 59---
--endo--
207	264	297	293	313	396	349	300	328	307	341	304	238	252	259	249	328	287	224	372	
237	231	233	223	196	202	145	98	131	133	136	169	191	231	232	239	325	304	286	428	
--epi--
296	272	437	433	520	387	379	296	379	398	302	394	327	357	303	251	328	294	267	251	318	293	232	217	217	234	195	195	312	333	349	
329	263	422	414	393	204	199	124	196	106	32	122	19	60	42	39	94	119	131	150	178	207	174	212	246	271	244	283	418	416	421	
---Frame 60---
--endo--
210	265	299	293	311	395	351	301	330	305	338	304	241	252	259	250	327	284	226	374	
235	233	230	223	200	203	145	102	131	136	139	169	187	235	231	237	325	306	285	426	
--epi--
294	276	438	435	522	385	383	296	375	396	302	394	327	357	303	251	328	295	271	251	319	294	231	219	216	233	190	190	313	330	348	
330	267	423	412	389	207	198	124	191	110	32	122	19	60	42	39	95	122	135	151	177	207	175	210	247	274	246	285	417	419	421	
---Frame 61---
--endo--
213	262	298	295	246	393	346	302	331	308	333	302	238	249	256	246	329	219	225	374	
239	232	227	218	135	201	140	97	134	136	134	168	183	230	227	233	320	241	281	429	
--epi--
229	278	437	430	525	387	381	295	374	392	297	393	327	352	300	248	328	294	266	252	323	294	235	223	218	230	193	193	317	332	344	
265	263	427	410	386	206	197	128	187	108	32	117	19	59	42	39	96	125	132	154	173	204	177	211	249	273	242	280	418	418	417	
---Frame 62---
--endo--
214	264	298	297	250	395	347	304	334	309	335	303	238	248	256	250	332	223	225	375	
242	228	227	217	139	199	139	100	137	138	131	163	183	231	227	228	317	245	280	429	
--epi--
233	275	433	434	526	382	384	295	378	394	292	389	322	347	297	244	328	289	265	252	326	294	236	223	218	231	197	195	314	336	347	
269	265	425	405	386	204	192	130	188	106	32	121	14	59	42	40	96	121	133	151	171	205	181	210	245	271	238	277	418	419	420	
---Frame 63---
--endo--
215	268	298	296	254	330	348	303	338	307	334	307	241	249	255	251	336	227	229	374	
240	226	227	217	143	138	139	100	138	137	132	161	178	230	228	227	321	249	276	425	
--epi--
237	279	428	437	523	380	385	296	381	394	288	391	319	342	294	244	330	292	268	253	326	229	236	225	214	235	201	192	313	333	349	
273	261	428	402	387	205	195	131	187	107	32	120	12	59	42	40	99	118	130	152	173	142	184	214	240	266	234	280	420	418	420	
---Frame 64---
--endo--
216	270	298	298	258	332	350	303	335	306	336	305	242	248	256	248	334	231	228	375	
239	225	227	216	147	142	137	101	140	138	130	163	177	231	229	231	316	253	275	420	
--epi--
241	276	424	437	521	379	318	295	382	392	288	392	315	337	294	244	329	292	266	253	328	232	237	225	212	236	201	191	311	336	351	
277	263	427	403	387	207	133	130	187	109	32	121	16	58	42	40	97	118	132	153	172	146	181	214	243	265	234	282	415	417	424	
---Frame 65---
--endo--
218	273	297	296	261	332	352	303	335	308	333	307	240	246	258	251	338	228	224	377	
243	223	229	217	147	146	135	103	142	140	132	162	179	234	225	227	320	257	279	419	
--epi--
240	275	421	437	525	320	322	295	386	393	288	392	314	335	294	239	329	292	270	251	331	232	238	226	213	237	204	195	312	340	348	
279	264	430	404	388	142	137	133	188	109	32	121	15	58	42	39	98	118	136	152	170	150	185	218	242	264	232	277	412	416	423	
---Frame 66---
--endo--
217	276	297	298	263	332	351	301	337	308	330	311	242	249	255	249	333	231	227	380	
238	221	229	216	146	150	136	98	142	144	136	160	177	229	229	228	318	255	275	418	
--epi--
238	276	425	439	525	324	326	295	386	397	288	392	313	335	294	235	327	289	270	251	329	232	238	226	214	235	204	199	309	338	347	
280	263	426	404	389	146	141	136	192	105	32	121	15	58	42	39	94	121	139	155	172	154	188	213	240	265	232	274	415	415	422	
---Frame 67---
--endo--
215	275	298	295	265	332	353	302	341	308	333	306	242	248	255	248	330	227	228	380	
239	221	226	217	145	154	135	99	143	144	132	163	177	230	230	230	320	258	275	418	
--epi--
238	278	429	437	527	328	330	296	386	396	288	391	314	337	294	235	326	291	271	252	328	236	239	226	214	231	201	200	311	338	351	
280	262	425	405	393	150	145	137	187	105	32	121	15	59	42	39	91	118	140	157	172	158	183	217	240	269	234	273	414	416	420	
---Frame 68---
--endo--
215	277	302	296	264	332	352	300	342	308	332	303	240	249	259	251	329	228	226	376	
239	220	224	216	146	158	136	98	143	141	133	166	179	230	226	227	321	258	277	420	
--epi--
239	276	433	440	529	332	332	295	384	398	288	391	311	332	294	235	326	288	272	251	329	235	238	225	214	231	201	203	307	337	353	
278	265	427	404	395	154	149	136	186	104	32	121	19	60	42	39	93	121	143	157	171	161	182	221	240	270	234	271	417	416	420	
---Frame 69---
--endo--
215	279	305	294	265	332	353	301	340	308	332	303	239	248	255	248	330	228	226	375	
242	219	222	218	146	157	135	100	142	139	133	165	182	230	230	230	321	261	277	422	
--epi--
239	277	436	437	529	335	330	295	387	396	288	390	311	327	294	235	326	288	270	251	328	233	238	225	213	232	204	202	308	337	355	
278	265	425	407	390	156	149	136	187	105	32	121	19	63	42	39	94	121	141	161	170	163	180	217	242	268	232	272	417	416	418	
---Frame 70---
--endo--
216	276	305	294	261	332	353	300	343	309	330	304	237	249	255	250	333	229	227	377	
237	220	221	218	146	161	135	99	141	140	137	163	185	230	230	228	319	258	276	421	
--epi--
243	281	433	439	526	338	326	296	387	398	288	393	313	327	294	235	326	289	272	250	328	233	239	225	211	234	205	202	312	338	355	
277	263	420	406	385	156	152	140	183	104	32	117	15	63	42	39	94	120	143	156	171	160	184	213	245	266	232	272	412	419	421	
---Frame 71---
--endo--
213	274	304	295	261	332	348	301	340	304	325	300	234	244	252	245	333	226	224	312	
234	217	216	213	145	157	130	103	140	135	132	161	183	226	227	224	316	253	273	356	
--epi--
242	285	436	439	530	342	323	298	322	333	283	393	313	322	291	231	325	288	275	249	263	230	235	222	214	231	203	200	312	333	350	
274	260	420	401	380	158	150	138	118	39	32	112	15	59	42	39	97	124	145	160	106	158	183	212	245	262	229	269	408	416	417	
---Frame 72---
--endo--
213	271	302	294	263	334	351	301	336	301	326	302	232	244	250	243	336	229	224	316	
234	219	219	213	148	154	127	100	139	137	129	158	185	226	229	226	314	250	273	360	
--epi--
245	286	438	443	534	340	322	301	323	333	278	394	312	317	288	231	324	288	276	249	267	234	235	222	215	232	203	201	315	335	348	
271	258	422	398	379	162	151	137	122	39	32	111	15	59	42	39	93	126	148	157	110	153	183	212	243	261	229	267	406	414	420	
---Frame 73---
--endo--
213	271	300	294	266	338	351	300	335	302	328	301	233	248	249	244	333	233	222	320	
234	219	220	213	149	153	127	100	141	136	128	161	183	221	230	226	314	247	276	364	
--epi--
244	288	438	442	533	273	322	303	323	333	274	398	312	313	288	231	323	288	280	250	271	231	234	222	215	231	202	201	318	336	349	
272	259	422	401	379	91	150	138	126	39	32	109	15	61	42	39	93	128	146	156	114	157	184	212	243	263	231	267	404	413	419	
---Frame 74---
--endo--
213	270	301	298	268	341	351	299	338	304	324	300	235	250	248	244	331	230	224	324	
234	220	219	210	147	151	126	102	138	134	132	162	180	220	230	226	318	249	274	368	
--epi--
248	216	439	446	533	277	323	300	324	333	274	401	313	313	288	234	323	288	282	245	275	231	234	222	216	234	202	203	319	335	351	
270	198	423	397	379	95	148	138	130	39	32	108	15	61	42	39	92	128	146	152	118	157	184	212	242	258	231	265	404	415	415	
---Frame 75---
--endo--
214	270	305	300	268	345	348	299	335	304	327	300	233	249	249	245	335	228	225	326	
232	220	214	209	143	149	128	100	142	134	129	161	183	221	229	225	313	251	273	368	
--epi--
248	220	442	447	533	281	321	303	324	333	274	403	308	311	288	236	321	288	282	245	275	230	234	224	215	236	202	204	315	334	349	
271	202	420	398	379	99	151	140	132	39	32	108	12	62	42	39	88	127	144	152	120	158	184	207	243	256	231	264	407	416	419	
---Frame 76---
--endo--
214	273	306	300	268	349	347	299	337	305	327	300	235	249	250	242	332	226	225	329	
232	218	212	209	146	146	129	100	140	132	129	162	179	221	228	229	316	255	273	367	
--epi--
248	224	444	448	532	285	322	305	324	333	274	406	312	315	288	236	321	288	278	248	278	230	234	222	215	235	202	206	313	334	349	
272	206	422	398	379	103	149	136	136	39	32	107	15	59	42	39	88	128	141	148	119	158	183	211	243	257	231	262	409	416	418	
---Frame 77---
--endo--
211	271	305	298	266	346	345	298	337	307	328	301	233	246	254	246	336	225	228	327	
236	220	212	210	144	150	132	95	140	131	129	162	182	225	223	224	316	256	268	367	
--epi--
251	226	446	451	528	280	321	308	328	333	274	410	314	315	288	236	321	289	279	245	277	232	234	220	215	238	202	204	313	333	349	
270	209	420	401	383	107	152	135	140	39	32	104	15	58	42	39	88	130	143	151	120	154	183	213	243	255	231	264	409	419	418	
---Frame 78---
--endo--
211	274	303	297	267	346	343	295	338	306	327	301	235	243	251	243	268	226	228	328	
236	218	215	210	143	149	135	92	139	132	130	162	179	229	227	228	254	255	268	367	
--epi--
252	230	447	449	527	278	322	311	328	333	274	412	314	312	288	236	323	290	279	245	274	233	235	222	215	238	202	201	312	333	351	
270	208	415	396	380	110	151	139	141	39	32	103	15	62	42	39	90	130	142	151	121	153	181	211	243	255	231	268	410	419	414	
---Frame 79---
--endo--
212	278	304	296	268	345	345	297	338	302	327	302	235	246	252	244	272	225	230	324	
234	214	212	210	144	150	133	95	140	135	130	161	179	225	226	227	258	256	267	369	
--epi--
256	226	443	449	530	277	323	310	325	333	274	412	314	308	288	236	322	291	279	245	270	230	235	225	215	238	203	201	312	333	350	
268	211	412	396	379	114	150	141	144	39	32	103	15	63	42	39	89	129	140	151	125	157	181	206	243	255	229	268	410	419	417	
---Frame 80---
--endo--
211	282	306	299	268	349	348	298	341	302	328	302	234	247	254	246	276	226	226	321	
236	212	211	208	145	154	130	98	135	135	129	161	180	224	223	224	262	256	270	371	
--epi--
254	224	442	452	525	277	324	310	324	333	274	412	314	308	288	236	321	291	281	243	271	233	237	225	215	234	203	201	314	333	352	
269	213	414	392	380	114	149	138	146	39	32	103	15	63	42	39	87	127	139	154	125	152	178	206	243	259	229	268	408	419	413	
---Frame 81---
--endo--
208	283	302	295	265	353	343	295	336	297	332	300	231	243	252	250	211	223	223	323	
233	208	207	205	140	151	125	93	132	130	131	157	176	220	218	225	197	253	268	372	
--epi--
189	219	377	452	529	278	319	305	320	330	269	347	313	303	285	237	317	290	277	243	272	230	235	222	211	232	200	200	315	331	348	
204	213	349	395	375	116	147	133	141	39	32	38	15	59	42	39	87	131	134	156	126	149	173	204	240	257	228	263	406	418	410	
---Frame 82---
--endo--
206	284	300	295	268	350	344	296	333	292	334	299	231	241	248	250	215	225	223	323	
235	207	210	205	137	152	123	96	136	134	134	160	176	223	222	222	201	249	268	372	
--epi--
193	219	381	452	527	278	319	308	324	326	264	347	313	298	282	237	314	289	276	243	271	231	234	224	213	234	200	204	315	332	347	
208	213	353	395	375	119	148	129	137	40	32	38	15	59	42	39	82	127	135	153	125	147	174	200	237	253	228	258	406	413	412	
---Frame 83---
--endo--
207	287	301	293	269	353	346	296	336	293	334	301	233	244	250	250	219	226	221	323	
233	204	209	208	137	150	121	95	134	132	129	158	171	219	219	226	205	248	270	370	
--epi--
195	219	385	452	531	277	319	308	326	326	260	347	313	294	282	237	316	290	275	244	271	228	232	224	214	236	201	202	315	332	350	
212	213	357	395	374	114	149	130	136	40	32	38	15	61	42	39	86	130	136	157	126	151	177	200	234	251	226	260	406	413	415	
---Frame 84---
--endo--
207	286	300	296	264	354	346	295	338	296	337	305	232	246	248	250	221	227	224	323	
233	205	211	206	141	148	121	93	130	128	132	155	174	215	222	230	209	247	267	370	
--epi--
199	220	389	452	532	276	320	306	326	326	260	347	313	292	282	237	319	291	275	242	270	230	234	226	214	239	203	200	317	335	349	
216	211	361	395	374	114	148	132	136	40	32	38	15	62	42	39	89	126	136	155	128	148	173	198	234	249	222	262	405	409	410	
---Frame 85---
--endo--
209	281	304	297	263	355	344	296	336	296	337	304	231	244	246	251	219	224	223	322	
231	209	207	205	142	148	122	97	133	129	136	155	175	219	224	227	212	251	268	367	
--epi--
202	220	391	451	532	273	319	309	323	326	260	347	308	293	282	237	315	292	272	241	270	231	233	223	214	234	205	203	315	332	348	
216	211	363	396	373	112	149	129	138	40	32	38	12	62	42	39	85	130	140	154	131	146	174	202	234	253	220	258	406	413	412	
---Frame 86---
--endo--
209	282	302	300	261	359	345	295	336	296	338	306	229	244	247	251	219	223	223	321	
231	209	209	201	144	144	122	96	133	130	134	154	178	218	222	223	213	252	268	368	
--epi--
202	219	391	451	536	273	322	308	323	326	260	347	303	293	282	237	313	292	273	240	274	229	233	220	213	231	202	202	319	332	350	
216	213	362	396	372	112	146	131	140	40	32	38	9	62	42	39	81	129	139	156	132	148	174	206	237	257	224	259	403	413	409	
---Frame 87---
--endo--
210	285	305	302	260	357	345	295	337	299	339	307	232	244	246	251	223	222	223	323	
229	207	206	199	146	144	122	96	131	127	136	153	173	217	224	226	210	253	268	371	
--epi--
199	221	389	451	535	271	321	311	323	326	260	347	298	293	282	237	314	295	275	239	274	230	231	222	212	229	201	202	322	335	350	
217	211	365	397	372	114	148	128	139	40	32	38	11	62	42	39	83	130	137	156	127	147	178	204	239	259	226	259	400	409	409	
---Frame 88---
--endo--
210	288	306	300	264	356	346	294	336	297	339	307	232	241	247	251	227	221	225	323	
229	205	205	200	141	145	122	95	134	130	133	154	173	221	223	228	208	255	263	373	
--epi--
197	222	391	451	533	275	321	308	321	326	260	347	297	288	282	237	315	295	275	240	276	232	231	224	210	229	201	202	323	332	350	
219	210	362	395	372	111	147	131	143	40	32	38	11	64	42	39	83	126	137	156	130	143	178	200	242	259	226	259	400	413	410	
---Frame 89---
--endo--
210	291	307	300	263	359	345	296	337	295	340	308	232	244	250	249	225	223	227	327	
229	209	204	200	142	145	124	96	133	132	133	153	172	217	220	231	208	252	260	370	
--epi--
198	225	386	451	537	271	322	309	322	326	260	347	297	292	282	237	316	295	278	241	277	230	231	223	210	232	201	202	323	336	350	
220	205	366	395	372	114	144	129	140	40	32	38	11	62	42	39	86	127	134	157	132	147	177	202	242	254	226	259	401	409	410	
---Frame 90---
--endo--
210	290	302	300	262	362	347	291	338	295	341	310	232	248	248	251	221	222	227	331	
229	209	208	200	144	145	121	91	133	132	137	153	172	214	223	235	209	253	260	370	
--epi--
195	228	390	451	540	272	322	309	322	326	260	347	297	292	282	237	319	294	275	241	276	228	230	224	210	236	200	203	325	334	351	
222	202	362	393	369	113	143	129	139	40	32	38	11	62	42	39	87	127	138	154	131	150	178	199	242	249	228	258	401	412	406	
---Frame 91---
--endo--
205	290	299	299	257	297	342	287	335	290	340	309	234	246	243	246	217	223	223	334	
229	205	207	197	140	80	116	86	132	127	132	151	176	209	221	234	207	256	257	367	
--epi--
195	232	393	450	475	271	326	304	319	323	255	346	293	289	279	236	314	296	270	239	272	229	233	228	208	231	200	201	260	335	350	
217	206	358	392	304	114	141	124	134	40	32	38	11	62	42	39	86	126	136	155	126	154	181	203	237	247	223	254	336	409	401	
---Frame 92---
--endo--
208	291	302	301	260	301	339	289	336	288	341	311	234	245	246	248	220	223	225	338	
225	205	202	196	137	84	120	88	131	130	132	149	180	211	218	231	202	253	254	366	
--epi--
196	233	396	448	479	271	324	301	319	320	250	346	288	284	276	236	312	298	273	239	271	229	233	228	208	233	200	201	264	334	351	
216	208	356	391	308	118	141	126	133	41	32	38	11	59	42	39	83	128	132	156	127	158	185	207	237	244	223	254	340	410	405	
---Frame 93---
--endo--
211	291	306	305	259	302	340	286	338	292	345	310	235	244	243	247	222	223	227	342	
221	205	206	191	138	88	118	83	127	125	130	150	184	212	221	232	200	257	251	364	
--epi--
196	234	394	450	483	271	319	304	320	317	246	346	283	279	273	238	314	300	275	239	275	229	234	228	209	232	201	201	268	336	350	
216	212	358	392	312	117	140	122	133	42	32	38	11	59	42	39	87	127	129	155	122	161	189	211	234	245	222	254	344	408	408	
---Frame 94---
--endo--
213	291	302	304	262	302	342	289	342	291	344	310	235	244	241	246	222	222	226	343	
219	206	202	193	135	92	116	87	124	126	131	150	182	212	223	234	200	257	251	363	
--epi--
195	233	395	450	486	271	320	301	323	317	246	346	280	277	273	238	312	300	275	239	275	228	234	227	208	235	202	203	272	335	349	
217	216	357	394	315	115	139	126	129	42	32	38	11	60	42	39	84	126	129	156	122	156	189	214	237	240	220	249	348	409	405	
---Frame 95---
--endo--
214	290	302	302	260	305	343	289	340	290	346	314	236	245	245	246	223	222	223	344	
218	207	203	196	137	96	115	86	125	128	130	145	186	212	219	235	199	261	255	363	
--epi--
199	233	394	450	487	272	318	304	321	317	246	346	277	273	273	238	311	301	276	234	275	228	235	227	209	232	201	204	275	336	351	
213	217	358	395	315	115	142	122	131	42	32	38	9	61	42	39	82	124	128	151	122	157	193	214	234	244	221	248	348	409	407	
---Frame 96---
--endo--
209	292	302	301	260	302	343	289	343	288	349	314	234	247	243	246	223	222	225	346	
222	205	203	198	137	99	115	86	124	131	128	145	181	207	222	235	199	265	252	361	
--epi--
201	233	396	451	485	272	320	301	322	317	246	346	274	269	273	238	311	299	275	232	273	228	234	227	208	230	204	202	275	337	351	
211	217	356	397	316	113	140	126	130	42	32	38	11	63	42	39	83	124	129	155	125	156	193	212	237	248	218	250	349	408	405	
---Frame 97---
--endo--
208	291	306	301	261	302	345	289	338	288	353	317	233	247	245	247	222	221	225	350	
224	206	207	198	135	100	114	86	127	131	126	143	179	208	220	233	200	269	252	363	
--epi--
201	233	400	451	485	274	318	301	323	317	246	346	271	265	273	238	311	300	279	234	272	228	232	227	209	232	204	202	270	335	351	
211	217	353	396	316	117	142	126	129	42	32	38	11	65	42	39	85	126	127	150	126	156	194	214	234	244	218	250	351	410	400	
---Frame 98---
--endo--
208	293	307	302	261	301	344	289	337	288	351	317	233	246	246	247	219	222	223	350	
224	204	211	196	135	102	115	87	128	131	127	143	183	210	219	233	204	268	255	367	
--epi--
201	232	404	450	488	275	320	303	324	317	246	346	268	269	273	238	310	301	277	235	275	228	231	226	211	234	201	202	270	335	352	
211	217	351	400	315	118	140	124	129	42	32	38	11	63	42	39	82	129	128	149	123	156	194	215	232	241	221	250	351	410	398	
---Frame 99---
--endo--
207	295	306	300	261	301	346	288	335	291	348	312	232	246	244	246	219	222	225	350	
225	202	215	198	135	102	112	85	131	127	127	147	178	210	222	234	204	268	252	365	
--epi--
202	232	401	450	488	274	321	305	321	317	246	346	268	273	273	236	310	301	274	234	273	228	231	227	211	232	201	202	267	336	352	
210	215	353	400	315	115	137	121	132	42	32	38	11	61	42	39	82	124	130	150	126	156	194	211	232	244	221	250	355	409	399	
---Frame 100---
--endo--
207	293	306	300	261	301	346	286	335	291	349	316	232	243	244	246	218	223	223	350	
225	204	218	198	135	101	112	85	130	127	126	144	182	214	222	234	205	268	255	363	
--epi--
201	232	405	450	489	274	320	305	323	317	246	341	268	273	273	238	310	302	277	234	271	228	230	227	211	234	201	202	269	338	350	
211	215	350	400	315	114	140	122	131	42	32	38	11	61	42	39	82	126	128	150	128	156	194	214	232	241	221	250	352	407	402	
---Frame 101---
--endo--
210	296	304	304	257	300	343	281	330	286	345	314	231	238	241	243	219	224	224	285	
226	200	213	193	130	105	107	82	128	123	121	143	186	211	219	231	207	267	258	298	
--epi--
199	228	409	451	491	276	317	309	318	314	241	345	270	270	270	237	308	297	273	230	267	229	225	230	214	229	205	200	273	340	350	
209	210	347	403	311	116	138	120	127	40	32	38	14	62	42	39	82	121	123	145	123	160	191	218	230	236	220	246	355	411	403	
---Frame 102---
--endo--
209	294	301	303	260	300	345	281	329	285	346	315	231	236	243	239	219	224	224	289	
223	202	217	194	126	108	104	82	130	124	121	139	190	213	214	234	211	267	257	302	
--epi--
199	225	408	451	494	275	317	308	319	311	236	340	270	265	267	236	308	297	270	227	267	228	227	230	214	229	205	198	273	339	349	
209	214	346	401	310	115	137	122	125	40	32	36	14	61	42	39	83	119	127	149	123	156	187	221	230	236	219	249	357	415	407	
---Frame 103---
--endo--
209	293	300	302	262	300	345	281	328	287	347	314	231	239	241	242	219	224	224	293	
227	202	218	195	125	107	104	82	130	121	121	142	194	208	217	231	214	267	257	306	
--epi--
199	228	406	449	497	275	319	308	319	308	232	342	270	260	264	236	308	297	274	227	269	228	225	230	214	227	205	198	272	339	349	
209	209	348	396	309	114	132	122	125	40	32	38	14	59	42	39	85	119	123	149	122	156	191	225	230	239	219	249	357	410	404	