Total AVI Frames: 104
Frames Processed: 104
endoPoints: 20
epiPoints: 31
---Frame 0---
--endo--
369	400	429	452	476	486	479	458	433	404	374	346	318	294	277	269	275	287	311	339	
408	406	397	383	354	322	294	270	250	237	235	241	254	273	300	328	356	383	401	411	
--epi--
390	419	448	474	501	519	535	542	543	538	528	511	491	466	438	406	376	347	318	291	275	259	256	252	252	257	266	283	305	331	360	
457	454	446	431	411	388	361	331	301	273	243	218	196	178	166	157	155	165	177	197	218	248	276	304	333	361	391	415	434	448	455	
---Frame 1---
--endo--
367	398	427	453	474	484	483	456	431	407	372	344	316	292	277	270	278	285	309	338	
408	407	397	385	353	320	296	270	250	238	235	241	254	273	302	329	356	383	400	414	
--epi--
388	417	446	473	500	517	533	540	541	536	526	509	494	464	436	404	374	345	316	289	273	263	254	250	256	259	264	281	304	330	358	
457	454	446	433	413	390	362	331	298	270	238	217	198	179	166	157	154	164	176	198	218	249	276	305	335	362	392	416	437	450	456	
---Frame 2---
--endo--
365	398	427	454	475	484	483	456	431	407	372	344	316	292	277	270	278	285	309	338	
406	407	397	384	357	319	296	269	250	239	234	240	253	275	303	329	356	383	400	413	
--epi--
388	417	446	473	500	517	533	540	541	536	526	509	495	464	436	404	374	345	316	289	273	262	254	250	258	257	264	281	305	330	358	
458	454	446	433	413	391	362	331	297	269	236	217	198	179	165	158	155	164	176	198	218	249	278	306	333	363	392	417	436	450	456	
---Frame 3---
--endo--
366	398	427	453	474	484	482	456	431	409	372	344	316	292	280	269	273	285	309	338	
408	406	397	386	355	317	296	268	248	238	232	238	252	276	301	330	360	384	401	413	
--epi--
388	417	446	473	500	517	533	540	541	536	526	509	496	464	436	404	374	345	316	289	273	262	254	250	257	258	264	281	306	330	358	
457	454	446	433	413	391	361	331	296	269	236	217	197	178	164	158	153	163	175	198	218	250	282	307	334	363	393	418	437	450	455	
---Frame 4---
--endo--
368	398	427	453	475	484	477	456	431	410	372	344	316	292	280	273	274	285	309	338	
411	404	396	386	357	313	291	267	246	238	229	238	252	277	302	328	358	385	402	413	
--epi--
388	417	446	474	500	517	533	540	541	536	526	509	497	464	436	404	374	345	316	289	273	260	254	250	259	258	264	281	305	330	358	
457	453	446	432	413	390	356	327	296	269	235	217	197	177	164	155	154	163	175	198	220	251	282	306	335	364	394	418	437	450	455	
---Frame 5---
--endo--
363	396	425	454	474	479	473	456	431	413	372	344	316	292	283	272	274	287	309	338	
407	403	395	384	352	308	286	264	242	238	227	237	252	281	300	330	358	386	403	413	
--epi--
387	415	449	474	500	517	533	540	541	536	526	509	497	464	436	404	374	345	316	286	273	260	254	245	259	258	264	281	306	330	357	
455	452	449	432	413	388	352	324	298	271	234	217	197	177	163	154	149	160	172	198	217	251	282	301	335	364	394	417	437	450	454	
---Frame 6---
--endo--
360	396	424	452	474	475	472	456	431	410	372	344	316	292	284	275	274	287	309	338	
405	402	394	385	347	311	281	261	239	238	224	235	251	285	302	328	359	385	404	414	
--epi--
386	414	448	474	500	517	533	540	541	536	526	509	494	464	436	404	374	340	311	286	271	264	254	240	261	261	264	281	301	330	356	
453	450	449	432	413	384	356	319	298	272	235	217	198	172	161	152	151	161	172	198	218	248	283	304	334	362	394	417	436	450	453	
---Frame 7---
--endo--
360	393	422	450	472	475	468	456	431	414	372	344	316	296	287	275	274	286	308	339	
400	400	392	386	342	311	285	258	235	238	221	232	249	286	301	328	359	385	404	413	
--epi--
384	413	448	474	500	516	533	540	541	536	526	509	489	464	436	404	374	338	309	285	270	262	254	243	262	261	264	281	300	330	354	
452	449	449	432	413	383	354	318	301	272	230	216	193	170	160	151	150	159	167	199	218	249	282	303	334	362	396	421	436	450	452	
---Frame 8---
--endo--
360	392	421	449	474	479	472	456	431	418	372	344	316	296	287	273	274	286	307	339	
395	398	391	386	339	307	280	255	234	237	220	232	247	285	301	330	359	385	404	414	
--epi--
383	412	449	474	496	515	533	540	541	536	526	509	486	460	435	404	374	338	309	285	268	262	254	242	262	261	264	279	298	330	353	
450	447	448	432	408	382	358	321	301	269	228	211	188	165	156	146	145	158	168	199	219	249	282	304	334	361	394	421	436	450	450	
---Frame 9---
--endo--
364	391	420	451	469	482	476	456	431	419	372	344	316	295	286	272	274	286	305	339	
390	395	389	386	340	307	275	252	230	235	215	230	246	285	301	330	359	385	401	414	
--epi--
379	407	449	474	495	514	532	540	541	536	526	509	485	464	436	404	373	338	309	282	267	260	254	242	264	258	263	279	297	325	349	
448	445	448	432	406	386	358	325	301	264	228	209	183	169	155	145	142	156	166	196	216	251	284	304	333	364	393	419	435	448	445	
---Frame 10---
--endo--
367	391	420	451	467	484	477	456	431	420	368	344	316	294	286	274	274	286	304	340	
385	393	388	386	339	307	273	250	227	233	210	227	244	286	301	328	358	386	398	412	
--epi--
380	405	448	474	490	513	532	540	541	536	526	509	486	464	436	404	374	338	309	282	266	264	254	242	268	259	262	278	296	322	349	
447	445	449	432	401	387	356	324	301	262	228	208	181	166	152	142	142	154	165	193	213	248	282	304	329	363	392	419	433	447	444	
---Frame 11---
--endo--
362	389	418	451	462	481	475	454	429	418	366	339	314	296	288	276	273	289	302	340	
380	394	387	388	339	302	268	245	224	228	212	228	243	288	303	330	360	387	394	414	
--epi--
378	400	447	474	494	511	530	538	539	534	524	507	484	462	434	408	375	336	308	280	269	262	252	240	271	263	260	276	294	324	352	
444	440	451	433	401	387	356	322	301	257	223	203	180	161	147	144	144	152	167	192	214	252	282	299	331	363	391	417	432	448	444	
---Frame 12---
--endo--
358	389	416	451	462	479	473	454	429	418	364	334	314	295	288	276	273	292	302	339	
384	393	385	388	334	297	264	244	222	223	212	228	241	289	303	330	361	386	391	415	
--epi--
377	403	447	474	492	511	530	538	539	534	524	507	479	462	434	408	374	336	306	280	269	261	252	240	271	262	260	280	296	321	347	
443	441	451	433	403	384	355	324	296	256	220	198	175	159	146	143	145	150	163	189	214	256	281	297	331	364	387	421	435	449	442	
---Frame 13---
--endo--
358	387	415	451	465	474	468	454	429	418	363	329	314	296	287	275	274	295	302	339	
388	394	384	388	329	296	260	246	224	218	211	228	240	287	304	331	360	387	389	415	
--epi--
375	403	447	474	492	509	530	538	539	534	524	507	474	462	433	410	375	336	307	280	269	256	252	240	271	263	260	283	296	321	345	
440	439	451	433	403	386	352	325	295	251	220	193	172	154	142	142	144	149	159	187	214	260	278	297	331	364	385	419	435	449	439	
---Frame 14---
--endo--
358	383	413	451	460	474	468	454	429	413	364	333	314	296	288	274	274	295	302	339	
385	392	383	388	333	296	261	247	226	213	212	228	242	288	303	331	361	387	387	414	
--epi--
373	403	447	474	490	506	529	538	539	534	524	507	472	462	434	408	375	336	307	280	269	256	252	240	271	262	260	282	300	321	344	
438	438	451	433	404	388	351	326	296	249	215	193	172	152	141	144	145	147	159	189	214	258	276	294	330	365	381	420	434	449	435	
---Frame 15---
--endo--
358	382	412	451	461	474	472	454	429	409	364	332	314	297	288	274	275	295	302	334	
388	389	382	389	337	296	265	249	228	212	214	228	243	287	303	331	361	387	386	409	
--epi--
368	401	442	469	490	504	529	538	539	534	524	507	473	462	434	408	375	333	307	280	271	257	252	240	273	265	260	282	300	318	339	
438	438	446	428	403	388	346	327	299	249	213	193	172	151	141	143	145	151	162	190	213	257	277	294	329	363	379	420	434	444	433	
---Frame 16---
--endo--
358	382	411	451	464	473	472	453	427	407	364	332	314	297	288	276	277	295	302	332	
383	384	381	388	332	297	269	250	229	210	215	227	246	287	303	330	359	387	385	404	
--epi--
367	399	440	473	491	504	529	538	539	534	524	507	473	459	434	409	376	333	303	275	269	257	252	240	272	266	260	284	297	318	339	
438	437	441	423	403	383	341	327	301	251	213	196	172	151	140	143	144	154	166	194	215	257	277	293	330	365	379	419	435	439	433	
---Frame 17---
--endo--
359	382	411	452	459	473	473	452	427	406	364	332	309	299	290	278	279	298	302	328	
378	380	380	387	331	297	273	251	231	210	217	227	250	286	301	328	358	386	384	403	
--epi--
367	394	437	475	492	502	527	538	539	534	524	507	472	462	434	410	376	333	306	276	269	257	252	238	271	266	260	284	298	319	338	
437	436	439	422	403	378	341	327	301	253	213	195	172	151	139	142	143	153	164	198	214	261	276	289	331	365	379	419	434	434	433	
---Frame 18---
--endo--
360	382	411	451	463	474	475	451	426	407	364	332	308	300	290	277	278	298	302	327	
373	379	379	388	326	297	277	253	233	211	219	227	254	286	303	329	360	386	383	403	
--epi--
369	394	438	475	492	502	527	538	539	534	524	507	473	462	434	410	375	334	308	276	268	258	249	240	274	268	260	283	297	319	338	
438	436	438	422	402	376	341	329	301	254	213	194	172	151	139	142	145	154	167	195	215	263	280	289	329	364	377	420	434	432	433	
---Frame 19---
--endo--
358	382	411	451	458	474	475	450	421	406	364	332	309	301	292	277	280	298	302	328	
375	378	374	388	324	297	280	255	228	211	220	227	257	288	301	330	359	386	383	403	
--epi--
366	394	437	470	487	503	525	537	539	534	524	507	473	462	434	410	375	334	308	280	268	259	250	240	274	271	260	282	295	319	338	
437	436	438	426	397	376	341	329	296	255	215	197	172	153	142	142	145	155	167	190	214	263	281	289	329	363	372	420	435	432	433	
---Frame 20---
--endo--
358	382	411	451	458	474	474	445	416	403	364	335	310	301	292	280	280	300	302	324	
375	378	378	388	327	297	281	251	229	213	221	231	258	288	302	328	359	386	378	403	
--epi--
366	395	437	465	482	502	524	536	539	534	524	507	471	462	430	410	375	336	308	277	268	260	251	240	274	271	260	277	295	319	338	
437	435	438	422	392	376	341	328	291	255	216	200	172	155	137	142	144	153	167	194	214	263	280	289	330	363	367	422	435	432	433	
---Frame 21---
--endo--
353	377	406	451	453	469	472	443	414	406	362	333	305	305	296	283	278	298	306	322	
379	373	373	391	326	298	281	252	228	214	223	235	262	290	303	329	363	381	380	398	
--epi--
363	399	436	465	484	506	525	534	537	532	522	505	469	460	433	414	376	339	308	275	268	258	249	238	278	269	258	276	294	320	336	
432	437	440	423	394	376	343	325	286	254	215	203	174	150	139	143	147	154	169	196	217	261	280	284	332	361	368	424	437	433	428	
---Frame 22---
--endo--
352	373	402	452	449	467	471	443	413	405	362	333	304	307	297	285	278	298	307	322	
381	374	369	391	325	299	281	254	229	215	224	239	265	288	303	328	361	376	378	393	
--epi--
362	396	433	465	484	502	528	534	537	532	522	505	469	460	436	413	377	338	308	275	268	258	249	234	280	264	253	276	294	320	336	
427	437	435	423	393	378	341	322	286	254	216	203	175	152	138	143	146	155	169	199	217	261	279	279	330	356	363	424	437	433	423	
---Frame 23---
--endo--
352	373	402	452	449	466	469	443	412	405	362	333	305	308	298	285	273	298	306	322	
379	369	365	391	326	299	281	256	231	215	225	243	265	290	302	329	365	373	380	388	
--epi--
361	396	432	460	481	497	529	533	536	532	522	505	469	460	437	408	376	339	308	271	272	258	249	236	280	259	248	276	294	320	336	
424	436	432	419	395	373	341	321	286	254	217	204	175	152	140	145	146	154	169	203	214	264	277	274	331	354	358	425	437	433	418	
---Frame 24---
--endo--
353	373	402	454	452	465	468	443	410	405	362	333	305	308	302	286	271	293	308	322	
376	366	364	389	321	299	281	258	232	215	226	244	265	290	303	328	369	368	379	388	
--epi--
356	394	427	456	476	493	528	532	536	532	522	505	469	460	437	407	377	339	307	275	269	258	249	231	280	259	248	279	293	317	335	
427	437	428	416	390	368	341	321	290	255	219	206	179	154	140	144	146	155	170	200	217	265	281	269	331	354	358	424	432	428	418	
---Frame 25---
--endo--
352	373	402	449	448	465	467	443	406	405	362	333	307	308	305	286	271	293	311	322	
380	363	363	389	316	299	282	260	229	214	228	245	266	290	302	329	373	363	379	388	
--epi--
356	396	427	451	473	492	523	531	536	531	522	505	464	460	437	406	377	339	307	275	268	258	249	230	284	259	248	276	293	317	330	
426	436	427	412	385	365	344	320	294	254	223	206	183	157	140	143	146	155	170	200	217	265	285	264	331	354	358	425	427	427	418	
---Frame 26---
--endo--
349	373	402	444	448	465	466	442	404	404	362	333	308	308	308	290	271	288	311	322	
383	363	363	386	316	302	283	261	229	216	229	246	267	290	299	329	372	359	379	388	
--epi--
355	393	426	451	471	491	526	530	536	532	522	505	462	460	437	407	378	341	307	275	268	258	249	225	286	254	247	276	293	317	327	
426	431	427	412	381	365	343	321	298	258	227	205	186	158	140	143	145	153	170	200	217	269	289	263	330	354	358	424	422	425	422	
---Frame 27---
--endo--
353	373	402	442	448	465	463	441	404	404	362	333	308	308	308	294	274	288	314	322	
386	363	358	381	316	305	281	263	229	215	230	246	268	290	298	328	367	359	378	388	
--epi--
355	388	426	451	471	491	527	528	534	531	522	505	462	459	437	406	377	340	307	275	268	258	249	229	287	255	247	275	293	317	329	
426	426	427	412	381	365	343	321	301	258	228	206	190	157	140	144	146	154	169	200	217	271	289	263	330	354	358	419	420	421	418	
---Frame 28---
--endo--
351	373	400	442	447	465	463	439	404	404	362	333	308	308	308	296	274	288	314	322	
384	358	353	380	316	309	281	264	229	215	233	246	269	290	298	329	362	359	378	388	
--epi--
355	384	426	451	471	491	522	525	538	530	522	505	466	458	437	406	377	340	307	274	268	262	249	230	287	254	251	275	293	317	329	
426	424	427	412	381	365	338	319	305	258	228	205	194	154	140	143	146	154	169	201	216	275	288	264	330	354	353	414	420	420	418	
---Frame 29---
--endo--
350	373	400	442	444	465	460	435	401	404	362	333	308	308	308	297	275	288	314	322	
382	353	353	384	317	312	282	261	230	215	234	246	271	290	301	328	359	360	378	388	
--epi--
355	384	426	451	471	491	517	525	540	529	522	505	461	458	437	407	377	338	306	275	269	260	249	230	288	254	255	270	293	317	329	
426	424	427	412	381	365	338	318	304	257	228	209	198	153	139	146	146	155	167	200	215	277	288	264	330	354	348	409	420	418	418	
---Frame 30---
--endo--
352	370	397	442	447	465	460	435	401	403	362	333	308	308	309	298	277	289	314	322	
380	353	352	380	316	312	282	261	232	215	235	246	271	290	299	328	354	359	378	383	
--epi--
357	384	426	451	471	491	515	526	539	528	522	505	459	457	441	406	377	338	306	275	269	260	249	229	292	254	258	265	293	317	333	
422	424	427	412	381	365	337	317	305	256	229	212	201	153	138	146	146	155	170	201	215	276	288	263	329	354	343	412	420	419	422	
---Frame 31---
--endo--
347	366	392	440	446	461	456	433	405	403	360	331	306	306	307	296	275	287	312	320	
384	348	350	379	318	312	285	263	234	218	237	250	270	294	303	332	349	363	373	378	
--epi--
353	380	423	446	470	490	519	524	534	526	520	503	457	455	439	404	379	342	304	273	270	255	247	227	290	252	256	260	297	321	334	
417	419	422	407	384	367	339	319	300	253	227	207	196	152	139	145	147	156	169	203	217	280	290	267	333	358	347	407	420	421	423	
---Frame 32---
--endo--
344	365	388	439	441	458	453	428	405	403	360	331	301	306	307	296	270	283	312	315	
382	346	348	376	316	312	285	261	233	217	238	252	269	298	307	336	344	367	368	382	
--epi--
353	378	420	441	470	485	521	524	529	526	520	503	452	455	434	404	380	340	305	273	269	254	246	227	290	252	251	255	292	319	334	
412	414	417	402	383	362	338	319	295	255	229	210	191	153	143	146	147	157	172	204	218	282	291	271	337	362	347	402	422	421	423	
---Frame 33---
--endo--
344	364	388	438	438	456	449	426	409	403	360	331	298	306	307	298	268	285	307	313	
381	344	347	377	316	312	282	261	233	217	240	253	271	302	311	340	343	366	372	386	
--epi--
353	373	415	440	465	482	522	524	528	526	520	503	450	455	432	404	380	340	305	273	269	255	247	227	292	252	251	255	292	321	334	
407	413	416	401	378	357	339	320	294	255	229	211	186	154	147	147	147	157	172	205	218	281	291	275	341	361	347	402	422	419	423	
---Frame 34---
--endo--
343	364	388	437	438	456	446	426	409	403	360	326	293	306	307	297	272	285	302	313	
380	342	344	376	315	314	283	264	231	217	241	257	272	306	314	341	338	366	369	386	
--epi--
352	373	415	440	462	477	522	523	528	525	520	503	450	455	432	403	380	341	305	273	270	256	247	227	292	254	252	255	292	316	338	
407	413	416	401	373	355	339	320	294	253	230	211	186	154	149	146	147	156	173	207	217	280	291	278	341	357	346	402	422	421	422	
---Frame 35---
--endo--
343	363	388	435	438	456	448	426	409	401	360	324	293	306	307	292	274	287	301	313	
379	340	341	376	313	315	282	266	232	221	242	261	272	310	318	336	333	365	369	384	
--epi--
355	373	415	440	461	480	522	522	528	525	519	503	450	455	432	403	380	341	306	273	268	258	247	227	295	258	252	255	292	316	338	
407	413	416	401	370	355	339	320	294	253	230	212	186	154	150	147	147	156	172	208	218	280	290	278	340	356	345	402	422	421	422	
---Frame 36---
--endo--
343	362	388	434	433	456	446	426	409	402	360	324	293	307	311	289	271	287	303	313	
379	338	339	376	308	318	284	269	231	218	244	261	272	313	321	331	328	363	369	383	
--epi--
355	373	415	440	460	481	522	521	528	524	518	503	450	455	432	402	380	341	307	273	270	258	247	225	298	260	253	251	292	316	338	
411	413	416	401	370	354	339	321	294	253	229	213	186	155	151	147	147	157	171	208	216	279	289	278	339	354	345	402	422	421	422	
---Frame 37---
--endo--
343	361	388	433	436	456	445	425	409	402	360	324	293	307	314	292	266	287	303	313	
378	338	337	374	306	319	283	271	232	218	245	261	272	313	320	326	323	360	369	380	
--epi--
357	373	415	440	460	481	522	520	528	523	518	503	450	455	432	401	380	343	307	273	268	258	247	224	298	258	254	255	292	316	338	
414	413	416	401	370	354	339	321	294	252	230	215	186	156	149	146	148	156	171	207	217	279	288	278	339	355	345	402	422	421	422	
---Frame 38---
--endo--
343	361	388	434	433	456	445	422	405	402	360	326	293	307	314	293	265	287	303	308	
376	338	337	369	306	319	283	272	232	217	247	261	272	313	320	321	327	363	369	375	
--epi--
361	373	415	440	460	481	522	519	529	522	517	503	450	455	432	402	380	342	306	273	263	258	247	224	298	254	254	259	291	316	338	
413	413	416	401	370	354	339	321	294	251	230	216	186	156	149	149	148	157	172	207	221	279	288	278	339	357	345	397	417	421	422	
---Frame 39---
--endo--
343	361	388	433	433	456	445	422	409	402	360	326	293	307	314	295	265	287	301	309	
374	338	332	367	306	317	283	272	231	217	248	261	272	313	320	320	327	358	368	374	
--epi--
363	375	415	440	460	480	522	518	529	517	517	502	450	455	432	401	383	342	306	273	264	258	247	225	302	251	256	263	290	315	338	
412	409	416	401	370	354	339	321	294	246	232	216	186	157	150	146	146	157	172	206	221	279	287	278	341	352	346	397	412	416	422	
---Frame 40---
--endo--
343	361	385	430	433	451	445	422	404	402	360	327	293	307	315	296	265	287	301	309	
372	338	329	371	307	313	285	272	233	217	249	261	272	313	320	324	327	353	368	374	
--epi--
360	373	415	437	457	480	522	517	529	517	516	501	450	455	432	401	381	343	307	273	268	258	247	225	306	251	256	263	291	315	338	
413	413	416	402	371	354	339	321	294	245	231	213	186	157	153	147	147	155	171	208	217	279	288	278	339	347	346	397	407	414	422	
---Frame 41---
--endo--
341	362	383	434	428	446	440	420	406	401	358	325	291	305	313	291	260	291	305	305	
372	341	327	372	309	317	289	274	234	219	251	265	272	317	324	319	331	355	370	378	
--epi--
358	371	413	440	452	475	517	515	527	515	514	499	448	453	430	404	376	341	308	276	266	256	245	223	304	246	260	261	295	316	336	
411	408	411	402	366	354	338	321	291	240	229	212	186	155	152	149	146	153	174	209	221	279	287	282	334	342	348	392	407	415	417	
---Frame 42---
--endo--
341	361	383	434	425	442	435	419	406	401	355	325	291	305	313	290	256	291	307	306	
372	341	326	371	310	320	286	275	234	219	255	269	272	321	328	314	329	354	368	377	
--epi--
358	371	414	435	447	471	513	513	527	515	514	499	448	453	430	405	374	337	307	275	266	256	245	223	304	246	260	256	293	316	336	
411	403	409	397	361	353	339	325	291	243	230	212	188	156	153	148	145	150	174	210	223	279	288	285	330	341	348	387	408	415	413	
---Frame 43---
--endo--
341	361	383	431	425	442	430	418	405	401	350	325	291	305	315	290	256	288	307	306	
370	341	325	374	311	322	288	277	236	219	250	270	272	325	332	311	329	356	369	376	
--epi--
358	371	417	436	447	475	513	512	526	515	514	499	448	453	430	404	375	338	308	275	266	256	245	223	304	242	262	252	290	316	336	
411	398	406	393	360	351	339	329	291	244	231	213	185	157	153	148	145	150	172	209	221	279	288	284	330	345	346	386	409	415	413	
---Frame 44---
--endo--
341	359	383	431	424	442	429	417	405	401	345	325	291	305	314	290	256	292	307	306	
370	336	323	373	311	325	287	280	235	219	250	270	272	328	334	309	329	353	369	373	
--epi--
358	371	416	436	446	475	513	511	525	515	514	498	448	453	430	402	377	339	306	274	266	256	245	218	304	242	260	252	290	316	336	
410	398	407	393	360	350	338	333	286	245	233	212	188	159	155	150	145	150	174	210	223	279	288	279	325	349	348	386	409	415	412	
---Frame 45---
--endo--
341	359	383	431	424	442	429	412	404	401	345	325	291	305	314	289	260	289	304	305	
368	331	323	372	311	326	287	282	236	219	250	270	270	327	334	309	327	355	370	373	
--epi--
358	371	415	436	446	476	513	510	522	515	513	498	448	453	430	402	377	339	306	274	266	256	245	217	304	242	260	253	290	313	336	
410	398	407	393	360	349	338	336	281	246	232	213	188	160	156	149	145	149	174	210	223	278	288	274	324	353	348	386	409	410	414	
---Frame 46---
--endo--
341	359	383	431	424	442	428	409	404	401	345	325	291	305	314	289	263	287	307	305	
367	326	324	372	312	330	287	283	235	219	250	270	269	326	334	309	322	355	368	370	
--epi--
358	371	417	436	446	475	513	509	518	515	513	497	448	453	430	402	377	339	306	272	266	256	245	213	304	242	262	253	290	313	336	
408	398	406	393	360	350	338	336	283	247	234	213	192	162	158	149	144	149	174	211	223	278	287	269	324	355	347	386	409	409	412	
---Frame 47---
--endo--
341	359	382	429	424	442	429	409	404	401	345	325	291	305	316	290	263	291	307	304	
367	323	324	374	315	334	288	283	235	219	250	270	268	321	332	309	325	354	369	371	
--epi--
358	371	417	431	446	475	513	508	518	515	512	497	446	453	430	401	378	338	306	275	266	256	245	210	304	246	263	253	290	313	336	
407	402	406	388	360	351	337	335	283	249	233	214	196	162	158	149	144	148	173	209	226	278	289	269	324	359	348	386	409	409	410	
---Frame 48---
--endo--
341	359	383	429	424	442	433	409	404	401	345	325	291	304	314	288	258	287	311	303	
367	323	324	374	319	338	287	283	235	219	250	270	272	316	334	311	320	356	369	371	
--epi--
358	371	415	426	446	474	513	508	518	515	512	496	450	453	430	401	379	341	306	275	266	256	245	210	303	248	262	253	290	313	336	
405	402	407	391	360	353	337	334	283	250	235	214	200	163	158	149	143	147	173	209	221	279	288	270	324	363	347	386	409	409	407	
---Frame 49---
--endo--
341	359	382	429	424	439	433	409	404	401	345	324	291	302	314	287	262	284	310	303	
366	323	324	374	321	341	287	283	235	219	250	269	275	311	333	310	315	358	369	371	
--epi--
362	371	414	426	446	474	513	508	518	515	511	496	454	453	430	401	379	341	306	275	266	256	245	210	300	249	263	252	290	313	336	
405	402	408	391	360	355	337	334	283	251	233	216	198	164	160	149	143	148	174	209	223	279	286	269	324	367	348	386	409	411	407	
---Frame 50---
--endo--
341	359	382	429	424	439	434	409	404	401	345	324	286	300	310	287	263	285	310	303	
368	323	324	374	322	341	285	283	235	219	250	268	276	309	328	309	316	360	369	370	
--epi--
359	371	414	426	446	474	513	508	518	515	506	496	454	453	430	402	379	341	306	272	266	254	245	210	297	248	263	252	290	313	336	
406	403	408	391	360	355	336	334	283	253	230	215	197	164	164	149	142	145	174	210	223	278	290	269	324	371	348	386	409	412	407	
---Frame 51---
--endo--
339	358	380	428	428	434	432	404	404	401	343	322	284	298	314	282	261	288	305	301	
369	325	323	376	323	337	288	285	237	221	254	268	276	309	328	304	311	362	373	374	
--epi--
357	369	412	424	444	472	511	506	516	513	504	494	452	451	434	404	377	342	307	271	261	252	243	209	295	246	259	247	289	311	331	
408	398	405	386	355	358	338	335	278	248	225	213	201	163	164	151	140	147	177	212	218	278	290	271	320	367	343	381	412	412	409	
---Frame 52---
--endo--
339	358	380	428	428	430	432	403	404	401	343	322	282	296	314	278	261	283	301	301	
369	325	323	376	324	336	286	287	237	221	258	268	278	308	328	306	306	361	370	377	
--epi--
357	369	414	424	439	472	508	506	516	513	504	494	452	451	433	403	377	342	308	271	264	251	243	209	294	246	258	245	289	311	330	
409	395	400	381	351	358	342	339	273	247	220	212	203	163	165	152	141	147	176	212	222	278	290	271	318	364	339	377	411	412	410	
---Frame 53---
--endo--
339	358	380	428	430	425	432	402	404	400	343	320	280	294	312	275	260	283	301	301	
371	325	324	376	323	331	285	289	237	222	262	269	278	309	329	309	301	361	373	377	
--epi--
357	369	415	424	436	472	507	509	516	511	504	494	452	451	428	405	377	342	310	271	264	248	242	208	291	241	256	241	289	311	334	
409	398	400	378	349	360	346	337	275	242	216	212	203	164	164	150	142	147	175	213	225	278	292	271	320	359	338	375	411	411	405	
---Frame 54---
--endo--
339	358	380	428	430	425	432	398	403	399	341	317	276	292	311	275	258	283	304	301	
372	325	325	376	323	331	280	284	238	226	265	271	276	310	330	309	301	365	377	377	
--epi--
357	369	419	424	436	472	508	512	516	510	504	494	452	451	428	405	377	344	310	274	264	252	241	208	290	238	254	242	292	312	334	
408	399	398	379	349	361	348	336	275	238	216	213	204	163	164	150	144	146	176	211	224	280	296	268	320	360	338	375	410	414	405	
---Frame 55---
--endo--
337	358	380	428	431	425	432	393	400	399	341	312	274	288	306	272	257	283	303	301	
375	325	327	377	324	332	276	285	242	230	265	268	276	309	325	310	301	369	381	378	
--epi--
357	369	420	424	435	472	512	512	516	505	504	494	452	450	427	404	381	345	312	272	264	250	241	208	288	237	254	242	287	312	334	
409	402	398	379	349	362	349	335	276	237	218	213	204	163	167	151	143	145	174	213	224	279	300	264	320	361	339	375	405	414	406	
---Frame 56---
--endo--
332	358	380	428	431	426	431	393	399	399	339	312	271	288	302	276	256	283	301	301	
377	325	329	377	324	331	272	285	246	234	265	268	277	309	320	309	301	370	384	379	
--epi--
357	369	421	424	435	472	516	514	516	503	504	494	451	450	426	399	380	343	313	270	260	248	241	208	288	234	254	242	283	312	334	
410	403	399	380	349	357	347	334	273	239	220	214	205	167	169	153	143	147	176	217	228	279	301	268	323	361	338	375	400	414	408	
---Frame 57---
--endo--
332	357	380	430	431	425	429	395	398	399	338	309	271	288	301	272	255	285	301	301	
380	329	331	375	324	333	267	284	250	234	265	269	277	309	318	310	301	372	384	379	
--epi--
357	372	421	424	435	472	519	513	516	499	504	494	455	450	426	394	379	340	313	265	259	252	240	207	288	234	254	241	279	314	337	
410	404	399	382	349	352	346	334	269	242	220	214	209	171	170	154	144	148	176	221	232	282	297	263	323	361	339	376	398	413	408	
---Frame 58---
--endo--
332	357	380	429	431	425	424	394	402	399	337	309	271	288	301	276	254	285	301	301	
382	331	331	376	325	333	262	286	250	234	265	269	277	309	320	309	301	372	384	379	
--epi--
357	372	421	424	436	467	519	513	516	499	504	494	450	450	424	393	378	340	313	263	257	252	243	203	283	238	254	241	279	317	340	
406	404	399	386	349	349	346	334	269	243	220	215	211	175	169	156	144	147	176	225	235	286	295	258	325	361	339	376	398	412	407	
---Frame 59---
--endo--
332	357	378	429	431	424	423	397	402	399	336	309	274	288	301	276	257	284	302	301	
384	332	326	376	325	332	264	283	250	234	265	269	276	309	320	309	296	373	384	379	
--epi--
357	372	421	424	436	464	519	509	516	501	504	494	445	452	423	394	375	339	314	263	257	252	243	198	282	234	254	241	279	317	340	
404	404	399	387	349	344	346	335	270	240	221	216	212	177	169	158	148	151	176	229	237	287	294	260	325	362	338	376	398	412	407	
---Frame 60---
--endo--
335	357	380	431	431	422	419	394	401	394	336	309	277	289	301	276	254	284	303	303	
388	336	321	376	324	332	262	285	250	238	265	269	280	310	322	310	291	373	384	382	
--epi--
358	376	421	424	436	463	519	509	516	501	504	494	445	452	421	393	370	339	314	263	257	252	239	195	282	234	254	241	283	317	340	
399	403	399	390	349	345	346	335	270	241	222	216	212	177	169	160	152	155	176	232	238	282	289	260	325	363	338	376	400	412	407	
---Frame 61---
--endo--
339	355	375	434	429	417	414	392	400	393	334	306	275	287	299	271	252	280	301	298	
390	340	316	377	328	334	266	289	253	241	269	273	284	314	323	314	295	377	388	386	
--epi--
356	374	425	427	435	461	517	511	514	505	502	492	443	449	419	395	373	342	312	258	255	250	237	194	280	229	249	242	278	321	341	
403	407	400	392	352	349	349	336	265	243	219	214	214	178	170	161	153	157	177	230	238	283	286	263	329	361	342	377	397	412	408	
---Frame 62---
--endo--
338	355	378	434	429	417	410	392	399	393	333	301	273	287	299	266	247	281	301	294	
390	344	311	377	332	336	270	291	257	240	273	277	288	318	323	311	299	381	392	390	
--epi--
356	374	424	429	437	461	517	514	514	507	502	492	443	447	419	397	371	341	311	256	255	250	237	194	280	225	249	242	279	321	339	
407	410	401	390	350	353	352	335	262	241	219	215	215	179	172	161	155	157	181	227	239	282	285	263	330	360	346	377	397	412	409	
---Frame 63---
--endo--
338	355	378	435	429	420	410	391	399	392	331	300	271	286	299	266	251	282	301	294	
390	348	310	376	336	339	274	295	261	244	277	281	292	320	324	310	297	384	396	394	
--epi--
356	374	426	428	436	458	517	510	514	507	502	492	443	446	417	400	370	339	310	251	255	250	237	194	279	220	252	243	274	321	338	
409	414	399	392	351	357	352	336	261	241	219	215	215	181	174	163	155	157	185	223	238	283	287	263	331	355	350	377	397	412	413	
---Frame 64---
--endo--
338	355	378	435	429	420	410	391	399	392	329	300	269	287	299	266	251	284	301	294	
389	345	312	376	340	340	278	297	265	248	280	284	295	321	325	310	296	385	399	397	
--epi--
356	374	426	428	438	459	517	513	514	502	502	492	441	446	415	400	370	338	311	248	255	250	237	194	280	220	256	245	275	316	339	
410	418	400	392	350	361	353	335	261	243	219	214	218	181	173	163	154	157	189	223	240	282	289	263	335	354	351	377	397	414	409	
---Frame 65---
--endo--
337	355	373	435	429	424	410	392	399	392	329	301	268	287	299	264	248	284	301	294	
390	342	316	377	341	344	282	296	265	252	280	284	293	323	326	310	300	385	403	397	
--epi--
356	369	427	430	435	461	517	515	514	503	502	492	440	444	413	400	369	338	311	251	255	250	234	189	280	222	258	245	274	316	338	
413	422	400	391	352	365	357	335	262	243	221	215	222	182	174	163	155	157	191	222	241	280	291	258	339	353	349	378	400	414	413	
---Frame 66---
--endo--
337	355	374	436	429	425	410	392	399	392	328	301	268	287	299	264	252	285	301	294	
390	337	316	377	345	344	286	297	265	253	280	284	293	323	328	310	304	386	407	397	
--epi--
356	371	428	434	430	461	521	519	514	500	502	492	438	443	412	400	369	338	310	250	255	250	235	188	280	221	260	245	274	316	338	
417	426	401	391	347	369	358	336	260	244	221	216	226	185	177	163	154	157	191	222	243	284	288	253	340	354	349	378	404	414	417	
---Frame 67---
--endo--
337	355	371	437	429	426	408	392	399	392	328	300	268	287	298	264	252	282	301	294	
389	332	319	376	349	343	288	296	265	253	280	284	289	323	328	310	306	390	411	397	
--epi--
359	366	428	438	427	461	525	523	514	503	502	492	436	443	412	400	364	333	309	252	255	248	235	188	280	219	260	244	274	316	338	
421	429	401	391	342	373	356	335	260	243	223	217	227	187	181	162	158	161	191	223	238	279	286	250	340	354	350	378	407	414	421	
---Frame 68---
--endo--
337	355	371	437	427	424	408	392	399	392	327	300	272	285	297	261	252	279	301	294	
389	327	315	377	353	344	288	294	265	253	280	284	286	323	327	312	306	394	415	397	
--epi--
359	364	428	440	426	461	525	525	514	505	502	492	436	443	412	400	363	330	308	252	255	249	236	188	278	219	260	247	274	316	338	
421	430	401	391	339	377	356	332	258	242	224	218	227	190	184	162	162	163	191	223	234	276	288	254	338	355	350	377	409	414	425	
---Frame 69---
--endo--
336	355	375	437	429	420	408	392	398	392	327	300	268	282	301	264	252	280	301	294	
391	322	312	376	357	339	288	290	265	253	277	283	290	322	325	311	306	398	419	397	
--epi--
359	364	428	440	426	461	525	525	514	507	502	492	436	447	412	400	364	330	308	250	253	248	237	188	276	219	260	247	278	316	338	
421	430	402	391	339	380	356	331	258	241	226	220	227	194	187	163	166	161	191	222	234	276	289	258	336	355	350	377	407	414	429	
---Frame 70---
--endo--
335	355	371	437	429	420	408	391	393	392	327	300	268	280	296	261	247	282	296	294	
391	326	311	376	361	334	288	286	265	253	272	278	291	320	321	313	307	402	423	397	
--epi--
359	364	428	439	426	461	525	525	509	504	502	492	436	449	412	400	365	334	308	251	253	249	236	190	274	219	259	247	281	316	338	
421	430	402	391	338	381	356	331	255	243	229	224	227	198	184	163	166	165	191	222	238	280	286	262	333	355	350	377	410	414	433	
---Frame 71---
--endo--
336	353	370	435	433	418	406	389	397	393	325	298	266	278	296	256	245	282	291	292	
392	330	314	380	361	329	288	281	266	254	267	273	290	319	323	317	305	405	427	392	
--epi--
357	362	426	442	429	461	523	523	507	502	500	490	434	448	410	395	363	332	306	249	251	247	239	191	272	217	254	251	283	315	336	
425	428	406	392	340	384	360	327	250	238	228	227	225	200	182	167	164	165	191	226	237	280	288	265	333	359	352	379	411	416	434	
---Frame 72---
--endo--
335	348	368	435	437	418	406	389	401	392	325	298	266	277	295	251	240	280	289	292	
394	328	318	384	364	324	284	276	267	255	262	268	286	314	323	313	309	400	430	389	
--epi--
357	363	426	445	430	465	523	523	506	502	500	490	434	448	410	392	363	332	306	248	250	247	239	193	271	217	251	251	280	315	336	
428	423	410	391	339	381	364	331	245	233	227	227	220	200	181	169	161	165	190	230	239	278	288	263	332	363	352	379	413	416	436	
---Frame 73---
--endo--
336	349	369	435	433	418	406	389	401	395	325	298	266	277	290	249	241	275	289	287	
394	323	321	382	361	319	280	271	267	254	257	263	282	309	318	313	313	395	431	385	
--epi--
357	365	426	445	431	462	525	523	506	502	500	490	434	448	410	393	363	332	306	248	251	247	239	193	270	217	250	251	282	315	337	
430	422	414	392	338	384	368	335	240	229	222	222	215	200	181	167	156	162	185	230	236	281	288	263	329	367	356	379	412	416	435	
---Frame 74---
--endo--
338	346	365	435	432	418	406	389	401	396	325	293	262	277	288	249	241	271	289	285	
392	318	316	377	362	319	275	266	267	254	252	258	277	305	313	313	314	393	433	382	
--epi--
357	365	426	446	428	463	528	523	506	502	500	490	434	443	410	393	363	332	301	249	251	246	239	193	269	217	250	251	282	315	337	
432	422	418	393	339	382	367	339	240	228	220	220	212	204	180	162	154	159	181	229	233	278	288	263	330	371	357	379	412	416	435	
---Frame 75---
--endo--
338	346	367	435	432	418	406	389	402	398	325	288	262	276	285	252	238	269	288	285	
392	313	311	372	362	319	270	261	266	254	247	255	272	305	310	308	315	392	432	377	
--epi--
357	363	426	446	426	458	525	527	507	502	500	490	429	440	410	396	363	329	300	244	246	246	239	193	269	217	250	251	286	315	337	
436	423	422	393	341	377	369	343	240	228	218	218	212	208	179	163	152	158	181	224	230	273	288	263	325	375	354	379	411	416	435	
---Frame 76---
--endo--
338	346	366	435	432	413	406	389	404	401	324	290	261	274	285	252	238	268	288	284	
392	311	306	367	362	314	265	256	266	254	242	253	267	305	310	304	315	393	432	372	
--epi--
357	362	427	446	429	453	525	531	507	502	500	490	430	440	409	397	363	332	299	242	243	246	242	188	264	217	250	251	281	315	337	
440	427	425	393	339	372	369	341	240	228	217	213	212	212	180	162	151	155	176	219	228	269	287	262	323	379	353	379	412	416	435	
---Frame 77---
--endo--
338	350	366	435	427	411	406	389	402	401	324	285	256	273	285	252	238	268	288	282	
392	311	302	365	366	309	263	253	266	254	237	252	268	305	310	304	315	393	432	372	
--epi--
357	362	427	446	431	448	525	531	507	502	500	485	428	440	409	396	363	332	299	237	239	245	245	188	263	217	250	251	281	317	337	
444	431	425	393	338	372	368	341	240	228	214	209	212	216	182	160	151	153	176	214	228	270	287	262	324	383	354	379	413	415	435	
---Frame 78---
--endo--
337	353	362	435	422	409	406	389	405	401	323	288	257	272	285	252	242	268	288	281	
392	315	297	366	370	307	261	252	265	254	235	253	266	305	310	303	310	393	432	371	
--epi--
357	362	427	445	430	448	528	531	507	502	500	486	426	440	410	397	363	332	299	238	239	244	248	188	260	217	250	247	281	317	337	
448	435	425	391	338	372	367	341	240	228	214	209	216	220	186	158	151	151	173	212	228	273	286	262	324	387	356	380	413	415	435	
---Frame 79---
--endo--
336	350	362	435	420	408	406	389	405	399	325	288	253	270	285	252	245	268	289	280	
394	314	297	369	374	307	259	252	265	255	231	253	265	309	310	298	314	393	434	371	
--epi--
357	362	427	445	430	446	531	531	507	502	500	486	427	439	410	398	363	332	296	238	243	243	248	188	260	219	250	248	279	315	337	
452	439	425	391	338	373	366	341	240	228	214	209	220	224	182	159	151	146	168	212	228	275	286	262	324	388	354	380	416	417	435	
---Frame 80---
--endo--
336	346	364	435	420	408	406	389	407	399	324	290	253	270	285	252	245	270	289	277	
393	314	296	369	376	307	258	252	265	255	231	253	265	309	310	298	313	393	436	373	
--epi--
357	362	427	444	430	448	531	531	507	502	500	484	425	437	409	398	363	330	298	238	239	242	248	188	264	219	250	248	279	315	337	
456	443	425	392	338	372	366	341	240	228	214	209	217	226	186	157	151	141	167	212	228	275	286	257	322	388	354	380	414	417	435	
---Frame 81---
--endo--
336	344	362	435	424	403	404	387	405	397	322	288	251	268	284	247	243	268	284	275	
396	318	291	371	378	311	254	247	260	250	233	249	266	304	312	302	314	393	440	372	
--epi--
355	360	425	448	432	447	529	529	505	500	498	482	421	432	407	396	361	328	299	236	237	240	246	191	262	217	247	250	282	314	336	
460	447	429	392	339	375	370	345	235	223	209	204	221	230	190	154	146	145	170	215	228	276	286	258	326	385	354	382	415	420	437	
---Frame 82---
--endo--
336	344	362	435	425	399	404	387	405	397	322	288	251	268	284	243	243	268	281	275	
395	320	286	372	377	315	254	246	255	245	233	249	266	299	312	306	314	393	444	373	
--epi--
355	360	425	447	428	449	529	529	505	500	498	482	421	436	406	391	361	326	299	231	237	240	246	191	262	221	247	249	282	314	336	
464	451	433	393	343	373	374	349	230	218	204	203	225	229	194	149	147	149	170	210	228	275	285	258	323	380	354	383	415	420	437	
---Frame 83---
--endo--
336	344	361	435	426	403	404	387	405	392	322	288	251	268	284	243	242	268	280	275	
395	317	282	372	376	319	254	246	250	240	234	250	270	295	312	308	315	394	448	373	
--epi--
355	360	427	451	423	448	533	533	505	500	498	482	421	436	405	395	356	326	301	229	237	240	246	191	262	217	246	244	280	314	336	
467	455	437	392	342	374	378	353	226	213	208	202	229	228	197	151	145	148	169	205	228	274	284	258	323	384	354	387	417	420	437	
---Frame 84---
--endo--
336	344	362	436	426	406	404	387	405	391	322	288	251	268	284	243	241	268	281	275	
395	321	277	371	377	320	253	247	245	235	234	248	273	295	312	306	315	394	451	373	
--epi--
355	359	427	448	421	446	537	530	505	500	498	482	422	437	405	396	351	325	302	224	237	239	246	191	262	217	245	245	282	315	336	
467	459	437	392	346	369	376	354	225	216	212	201	232	228	196	150	142	148	168	203	228	274	279	258	323	385	356	391	416	419	437	
---Frame 85---
--endo--
336	344	362	436	426	406	404	387	405	386	322	288	251	268	288	243	240	268	281	274	
395	316	272	372	377	322	253	248	240	230	235	248	276	295	310	307	314	395	451	373	
--epi--
355	359	427	451	425	446	537	533	505	500	498	482	422	432	400	396	349	326	303	224	232	238	246	191	262	217	244	245	282	316	336	
469	463	437	392	350	364	376	353	225	216	214	201	232	232	196	149	143	150	167	203	223	275	275	258	324	385	358	395	416	419	437	
---Frame 86---
--endo--
336	339	362	437	426	406	404	387	408	386	321	288	251	267	288	243	236	267	282	274	
395	311	267	370	377	326	252	249	235	231	236	248	278	295	310	309	309	396	451	373	
--epi--
354	359	428	452	428	446	537	533	505	500	498	481	424	428	404	396	348	326	302	228	228	237	245	191	261	216	244	245	277	319	336	
473	467	438	392	351	366	376	353	225	215	211	200	230	233	198	151	142	152	169	202	218	276	277	258	328	385	357	399	417	417	437	
---Frame 87---
--endo--
336	337	362	437	427	404	404	387	408	385	320	287	249	267	284	243	236	267	283	274	
395	306	262	370	378	322	252	248	234	231	237	249	276	296	312	310	304	397	451	368	
--epi--
354	360	430	452	423	446	537	536	505	500	498	481	424	428	407	394	351	326	303	228	225	236	245	191	261	216	243	244	277	315	336	
477	471	437	393	355	370	376	352	225	214	210	198	230	232	202	155	142	154	168	202	218	276	276	258	326	384	356	403	419	420	437	
---Frame 88---
--endo--
336	337	363	436	428	406	404	387	409	386	319	288	249	266	280	243	236	267	284	274	
395	301	257	372	379	322	251	249	235	231	238	248	277	297	307	309	300	398	451	363	
--epi--
354	360	433	451	421	446	537	536	505	500	498	481	424	428	407	396	351	326	307	227	225	235	246	191	260	216	242	244	277	319	336	
481	475	436	391	359	368	376	352	225	214	209	198	230	232	206	159	142	156	168	203	218	276	275	258	330	382	357	407	419	418	437	
---Frame 89---
--endo--
337	340	363	431	430	402	404	387	410	385	316	288	249	265	280	239	236	268	283	274	
394	299	255	376	377	319	251	251	233	231	240	248	279	298	302	309	300	400	451	358	
--epi--
355	360	437	451	421	446	537	536	505	500	498	481	423	428	407	396	348	326	305	225	225	235	246	191	259	216	241	244	277	319	336	
485	477	437	391	363	368	376	352	225	217	210	197	232	234	210	161	143	156	169	202	218	277	275	258	333	381	359	411	419	419	437	
---Frame 90---
--endo--
337	337	363	431	426	406	404	387	410	386	316	288	250	265	275	236	236	267	282	274	
395	299	255	377	376	322	252	250	233	231	241	249	277	299	300	310	295	400	451	358	
--epi--
355	360	439	451	419	446	537	536	505	500	498	481	423	428	403	391	347	326	305	225	225	235	246	192	259	217	241	244	277	322	336	
489	477	436	391	366	363	376	352	225	216	209	196	232	233	214	156	143	156	169	202	218	280	276	257	332	380	359	412	420	419	437	
---Frame 91---
--endo--
337	332	358	429	424	404	402	385	410	390	314	286	248	263	279	232	234	265	279	275	
398	299	259	379	379	317	252	250	235	233	242	251	278	300	302	314	290	401	446	359	
--epi--
353	358	443	450	414	447	535	534	503	498	496	479	426	432	399	386	345	325	301	223	223	239	244	194	263	215	239	242	277	325	335	
484	476	438	394	370	365	378	356	220	212	206	195	233	235	218	158	147	159	173	202	217	281	278	258	332	381	363	407	423	421	439	
---Frame 92---
--endo--
338	332	354	429	424	402	402	385	409	389	309	286	248	263	283	232	232	265	274	273	
396	303	263	381	381	321	253	251	236	233	244	251	279	301	301	315	285	402	441	361	
--epi--
353	358	445	450	410	444	535	534	503	498	491	483	425	432	394	389	345	325	301	223	223	241	244	194	263	215	237	237	275	327	335	
479	477	436	394	374	366	379	360	217	211	202	198	234	235	222	157	151	159	177	201	212	280	279	258	332	381	367	402	423	419	439	
---Frame 93---
--endo--
337	328	354	429	424	404	397	385	409	389	307	286	248	263	279	232	231	265	274	273	
398	298	267	381	381	325	253	252	236	233	244	251	280	302	301	314	281	403	441	360	
--epi--
357	358	445	451	410	444	535	538	503	498	488	483	424	432	394	387	349	327	301	223	227	239	244	194	262	215	236	233	275	326	335	
481	476	437	393	378	363	380	364	216	210	199	197	235	235	226	158	155	157	180	200	209	281	280	258	333	381	371	401	424	421	439	
---Frame 94---
--endo--
337	328	354	429	421	402	395	385	409	390	307	286	248	263	279	231	230	265	274	273	
398	300	271	382	376	329	252	251	236	232	245	252	282	303	301	314	281	403	440	361	
--epi--
361	358	446	450	412	444	535	539	503	498	487	480	424	431	394	388	348	327	301	223	227	239	244	194	262	215	236	233	275	326	335	
478	475	438	394	381	367	382	363	216	211	199	198	234	235	229	159	156	159	180	197	209	280	280	258	333	381	372	401	424	421	439	
---Frame 95---
--endo--
337	328	354	429	417	404	395	385	409	389	307	285	248	262	279	231	228	265	275	273	
397	304	275	383	371	329	250	250	235	232	245	253	283	305	301	314	285	404	439	360	
--epi--
361	356	446	450	410	447	535	542	503	498	487	482	424	431	394	389	348	327	301	227	227	239	244	194	263	214	235	233	275	326	335	
478	476	438	394	381	366	386	362	216	211	199	197	233	235	229	159	156	159	180	193	209	280	276	258	332	381	372	401	424	421	439	
---Frame 96---
--endo--
337	328	354	429	417	399	395	380	409	390	307	285	248	262	279	231	227	265	276	273	
397	299	279	384	366	332	251	253	235	231	245	254	283	306	301	316	286	405	439	360	
--epi--
358	351	446	450	413	448	539	542	503	495	488	480	424	431	395	389	347	327	305	226	227	238	244	193	262	213	235	234	275	326	335	
480	477	438	394	381	364	388	362	217	209	198	199	233	234	229	158	156	158	183	194	208	281	276	260	333	381	371	401	425	421	439	
---Frame 97---
--endo--
337	328	349	429	419	403	395	378	409	391	307	286	248	262	279	231	227	265	276	273	
398	296	282	385	364	336	253	251	235	231	245	254	280	307	301	317	286	405	439	360	
--epi--
361	351	446	451	415	448	543	542	503	490	487	484	424	432	395	388	348	327	305	226	227	236	244	193	262	214	235	234	275	326	335	
478	479	438	393	381	364	386	362	217	206	199	197	233	233	229	158	156	159	183	194	208	283	276	260	333	376	372	401	424	421	439	
---Frame 98---
--endo--
337	328	351	432	422	398	397	378	409	391	308	285	248	261	279	231	227	265	276	273	
397	300	283	389	365	331	252	252	235	232	244	254	279	308	300	317	286	406	441	360	
--epi--
360	351	446	450	412	447	543	542	503	490	487	481	422	429	395	388	347	330	305	226	225	240	244	193	263	214	234	234	275	326	335	
480	479	438	394	381	365	386	362	217	205	199	198	235	236	229	158	157	156	182	193	210	281	276	260	332	375	372	401	425	421	439	
---Frame 99---
--endo--
337	328	352	432	419	398	395	378	409	390	308	284	247	261	279	230	229	265	276	273	
397	300	282	389	365	329	253	251	235	232	244	255	283	308	300	318	281	406	440	360	
--epi--
358	351	446	450	410	446	543	542	503	489	487	481	422	428	394	386	347	330	305	227	225	241	244	193	263	214	234	234	275	326	335	
480	479	438	394	381	366	386	362	216	205	199	198	235	236	229	157	157	156	181	192	210	280	277	260	332	375	372	401	425	421	439	
---Frame 100---
--endo--
337	328	352	430	418	402	395	378	409	389	308	284	247	261	278	230	229	265	276	273	
397	300	282	391	369	330	253	251	235	232	244	255	285	307	301	319	280	407	440	360	
--epi--
361	355	446	450	414	446	543	542	503	490	487	480	422	429	394	389	347	329	305	227	225	241	244	193	261	213	234	234	275	326	335	
478	477	438	394	385	365	386	362	214	205	199	199	234	235	229	158	155	157	181	192	210	280	278	259	334	377	372	401	425	421	439	
---Frame 101---
--endo--
337	329	350	428	421	397	391	376	409	392	306	282	245	259	279	225	228	263	274	272	
399	302	286	388	370	334	254	251	237	233	244	256	285	307	302	320	282	407	440	362	
--epi--
359	353	444	450	409	443	541	540	501	491	491	481	422	433	389	387	345	332	303	225	223	239	242	194	261	211	237	232	273	330	334	
478	478	442	396	389	361	390	357	212	207	199	200	236	237	233	157	152	159	181	196	205	277	280	260	337	381	373	396	425	422	441	
---Frame 102---
--endo--
337	329	350	428	422	400	391	376	408	393	306	282	245	259	279	224	228	263	274	272	
399	302	290	386	369	337	253	251	238	232	243	256	286	307	302	320	282	407	441	362	
--epi--
359	353	444	450	406	443	541	540	496	495	488	481	422	434	390	387	345	333	303	220	226	238	242	194	263	211	239	232	273	330	334	
479	479	444	396	393	363	394	357	207	205	201	200	236	235	237	157	154	159	181	200	201	277	281	260	335	381	372	394	426	422	441	
---Frame 103---
--endo--
337	324	350	428	422	400	389	376	408	392	306	282	245	259	279	224	228	263	274	272	
399	306	294	385	370	332	253	250	238	233	243	255	286	307	302	320	282	408	441	362	
--epi--
359	353	444	450	406	438	545	540	492	491	492	481	423	432	394	387	345	335	303	220	225	238	242	193	262	211	239	229	273	330	334	
479	479	445	396	397	358	398	357	203	206	199	200	235	236	241	156	153	157	180	204	202	277	281	261	336	380	372	389	425	422	441	