Total AVI Frames: 104
Frames Processed: 104
endoPoints: 20
epiPoints: 31
---Frame 0---
--endo--
369	400	429	452	476	486	479	458	433	404	374	346	318	294	277	269	275	287	311	339	
408	406	397	383	354	322	294	270	250	237	235	241	254	273	300	328	356	383	401	411	
--epi--
390	419	448	474	501	519	535	542	543	538	528	511	491	466	438	406	376	347	318	291	275	259	256	252	252	257	266	283	305	331	360	
457	454	446	431	411	388	361	331	301	273	243	218	196	178	166	157	155	165	177	197	218	248	276	304	333	361	391	415	434	448	455	
---Frame 1---
--endo--
304	335	364	387	411	421	414	393	368	339	309	281	253	229	281	273	273	222	246	341	
343	341	332	318	289	257	229	205	185	172	170	176	189	208	297	325	355	318	336	408	
--epi--
325	354	383	474	436	454	470	477	478	473	463	446	426	401	373	341	311	282	253	226	210	194	191	187	187	192	201	218	240	266	356	
392	389	381	428	346	323	296	266	236	208	178	153	131	113	101	92	90	100	112	132	153	183	211	239	268	296	326	350	369	383	450	
---Frame 2---
--endo--
305	339	368	391	415	424	418	397	372	343	310	282	257	233	284	275	277	226	250	342	
347	345	336	322	293	261	233	209	189	176	174	180	193	212	299	321	359	322	340	406	
--epi--
329	358	387	475	440	458	471	480	480	477	467	450	430	404	376	342	315	286	257	230	212	197	195	191	191	196	205	222	244	270	359	
396	393	385	432	350	327	300	270	240	212	182	157	135	117	104	93	94	104	116	136	157	187	215	243	272	300	330	354	373	387	446	
---Frame 3---
--endo--
306	343	372	395	419	424	422	401	376	346	314	284	261	237	284	276	278	230	254	344	
351	349	340	326	297	265	237	213	193	180	178	184	197	216	303	323	363	326	344	408	
--epi--
333	362	391	475	444	462	475	480	480	481	471	449	429	408	380	346	319	287	258	234	214	198	196	195	195	196	209	226	248	274	356	
400	397	389	432	354	331	304	274	244	216	186	161	139	121	108	97	98	107	120	140	161	191	219	247	276	302	334	358	377	391	450	
---Frame 4---
--endo--
310	347	376	397	423	428	426	405	380	346	318	288	265	241	285	278	279	234	258	341	
355	353	344	330	301	269	241	217	197	184	182	188	201	220	307	323	365	330	348	408	
--epi--
337	366	395	474	448	466	479	484	483	485	475	450	433	412	381	350	322	291	262	238	218	202	200	199	199	196	213	230	252	278	356	
404	401	393	432	358	335	308	278	248	220	190	165	143	125	112	101	102	111	124	144	165	195	223	251	280	305	338	362	381	395	450	
---Frame 5---
--endo--
313	343	374	395	427	430	426	407	382	349	316	292	266	245	287	281	280	238	257	341	
357	356	346	333	300	271	242	220	201	188	184	191	200	219	309	319	365	329	350	408	
--epi--
341	366	397	474	444	465	477	488	487	487	473	453	434	414	385	353	324	295	266	236	222	203	201	203	200	200	210	231	248	275	355	
403	402	394	432	361	337	311	282	251	222	194	169	144	124	115	105	103	112	126	146	167	198	225	251	281	309	342	361	385	397	452	
---Frame 6---
--endo--
310	341	375	395	424	426	427	405	379	353	314	290	263	249	288	281	282	234	261	342	
361	359	346	335	300	275	241	220	204	186	187	193	202	218	313	321	361	333	348	406	
--epi--
343	366	397	474	442	464	478	485	482	489	470	456	438	409	380	351	325	294	268	237	221	204	205	207	201	202	213	226	251	276	357	
402	402	394	430	365	337	310	283	255	221	196	166	144	128	119	105	103	113	124	146	168	197	223	249	280	309	339	364	383	395	448	
---Frame 7---
--endo--
314	345	377	398	425	425	430	402	380	350	316	289	263	244	290	284	282	231	256	343	
357	355	345	332	300	277	239	219	203	187	185	195	203	220	309	323	363	335	351	410	
--epi--
345	363	400	473	445	466	479	484	482	492	473	454	438	412	378	352	327	293	265	239	224	199	202	209	197	204	211	225	249	277	357	
402	404	392	426	360	336	309	283	259	219	194	167	144	126	120	106	101	114	127	145	166	200	224	249	282	308	340	366	385	394	448	
---Frame 8---
--endo--
312	348	379	396	423	424	428	399	381	353	318	290	259	244	289	284	283	232	260	342	
359	353	344	334	302	281	239	220	203	185	185	194	207	220	311	323	359	335	348	408	
--epi--
343	364	395	472	443	469	482	482	484	493	474	452	440	410	379	356	328	290	268	236	228	198	201	209	196	200	214	222	246	275	354	
402	403	395	430	362	335	308	287	260	219	196	169	142	127	122	104	101	117	124	147	164	204	224	249	284	311	338	368	386	396	452	
---Frame 9---
--endo--
315	344	376	397	427	423	426	400	381	353	321	292	258	245	289	284	284	228	261	342	
357	355	345	334	300	285	239	220	202	186	184	192	209	219	311	323	355	337	348	408	
--epi--
343	367	391	472	440	465	479	482	486	488	477	450	444	414	378	352	328	293	271	240	224	202	203	205	199	199	213	221	249	276	354	
402	402	398	430	364	337	309	287	256	220	192	172	141	125	119	104	100	114	123	145	165	201	225	249	283	313	339	371	384	396	452	
---Frame 10---
--endo--
319	345	374	400	422	422	429	397	381	353	318	289	257	243	289	279	280	230	260	344	
355	356	347	332	303	287	238	224	201	186	186	194	210	221	311	323	351	336	348	412	
--epi--
342	364	390	474	441	465	481	482	487	486	476	450	441	412	381	356	331	292	271	244	223	201	207	209	201	200	217	225	246	279	352	
402	405	400	432	364	337	309	287	252	221	193	172	142	128	119	104	100	114	122	144	166	201	221	249	282	311	337	367	385	395	456	
---Frame 11---
--endo--
254	280	309	335	357	357	364	332	385	288	253	224	192	239	292	214	282	165	195	347	
290	291	282	267	238	222	173	159	196	121	121	129	145	216	312	258	348	271	283	415	
--epi--
346	299	325	474	376	400	416	417	422	421	411	385	376	347	316	291	266	293	272	241	226	136	210	210	204	135	217	160	181	214	347	
399	340	335	431	299	272	244	222	187	156	128	107	77	63	54	39	35	117	117	139	161	136	218	244	279	246	334	302	320	330	451	
---Frame 12---
--endo--
255	284	313	339	361	359	368	336	385	289	254	225	196	238	292	218	282	169	199	351	
294	295	286	271	242	226	177	163	198	125	125	133	149	218	312	262	348	275	287	417	
--epi--
347	303	329	474	380	404	417	421	424	425	415	389	380	350	319	291	266	293	274	244	228	139	211	210	205	139	218	164	185	218	347	
397	344	339	431	303	276	248	226	191	160	132	111	81	67	56	39	35	115	115	135	157	140	216	244	277	250	334	306	324	334	451	
---Frame 13---
--endo--
259	288	317	343	365	360	372	338	385	293	258	227	200	238	293	222	284	173	203	347	
298	299	290	275	246	230	181	167	198	129	129	137	153	218	310	266	344	279	291	413	
--epi--
348	307	333	472	384	408	421	425	424	429	419	389	378	354	319	291	266	289	278	241	227	140	213	210	205	139	219	168	189	222	349	
401	348	343	429	307	280	252	230	195	164	136	115	85	71	56	39	35	111	111	139	159	144	214	244	277	252	334	310	328	338	449	
---Frame 14---
--endo--
263	292	321	347	369	360	376	342	386	296	262	231	204	241	293	226	282	177	207	347	
302	303	294	279	250	234	185	171	194	133	133	141	157	214	314	270	348	283	295	411	
--epi--
346	311	337	472	388	412	425	428	425	433	423	389	379	358	323	291	266	289	278	240	230	144	211	210	206	139	219	172	193	226	350	
397	352	347	429	311	284	256	233	199	168	140	119	89	75	60	39	35	111	111	141	155	148	218	244	275	252	334	314	332	342	449	
---Frame 15---
--endo--
266	288	323	346	370	364	378	341	389	297	266	232	206	242	294	230	285	179	210	346	
303	307	295	280	252	238	186	174	190	137	135	145	157	212	310	269	344	283	295	413	
--epi--
347	312	338	471	384	407	426	425	425	433	427	392	383	356	323	291	266	290	278	243	229	145	210	210	208	139	219	169	190	228	348	
393	353	347	431	315	287	258	234	200	170	139	122	91	78	64	39	35	109	111	137	157	151	218	244	271	252	334	318	335	342	451	
---Frame 16---
--endo--
261	288	322	343	367	364	377	338	386	301	267	235	204	242	295	234	286	182	213	344	
306	308	295	284	253	240	186	178	192	134	134	143	158	212	308	268	342	282	294	409	
--epi--
347	312	342	471	384	410	428	424	429	431	426	391	387	355	326	291	266	293	277	241	229	145	213	213	207	139	220	166	188	226	345	
391	353	345	431	316	286	256	235	204	173	139	125	89	77	68	39	35	105	111	141	157	151	214	240	273	252	332	320	337	342	455	
---Frame 17---
--endo--
258	288	322	346	363	362	372	342	383	299	267	238	206	246	296	233	287	186	217	347	
309	309	295	280	256	242	187	173	196	136	133	142	157	216	308	268	342	281	293	411	
--epi--
347	312	344	471	381	409	428	420	432	430	427	389	387	357	326	291	266	292	277	240	228	145	213	210	206	139	218	168	190	227	347	
391	352	345	429	316	289	257	238	207	175	139	128	89	75	69	39	35	107	111	143	159	151	214	244	275	252	334	318	335	342	453	
---Frame 18---
--endo--
257	291	317	348	365	362	372	343	382	298	265	239	205	247	297	229	291	182	213	348	
311	305	298	280	254	242	190	172	198	137	134	141	157	220	310	271	346	282	294	411	
--epi--
347	312	348	471	382	405	427	420	430	430	423	389	386	352	326	291	266	292	275	242	230	145	210	210	206	139	220	171	189	227	351	
391	352	344	427	316	292	257	238	209	176	141	130	90	77	69	39	35	107	113	141	157	151	218	244	275	252	332	316	335	341	451	
---Frame 19---
--endo--
259	292	319	344	364	365	373	343	381	298	266	234	204	247	298	228	288	186	213	349	
308	305	297	283	257	238	189	173	198	136	134	142	158	220	314	272	344	281	294	415	
--epi--
348	311	347	471	384	404	424	421	430	431	424	389	389	353	325	291	266	292	273	241	232	145	212	212	209	139	223	169	187	223	349	
391	352	344	425	315	295	260	238	209	171	140	130	89	78	70	39	35	107	115	143	155	151	216	242	271	252	328	317	339	344	453	
---Frame 20---
--endo--
259	291	319	340	368	361	372	342	384	297	269	233	208	247	300	228	288	186	217	350	
308	306	297	287	252	241	193	173	194	139	133	143	157	222	310	272	346	281	293	419	
--epi--
346	311	344	472	385	406	422	421	429	428	423	390	390	354	324	291	266	294	277	243	232	146	214	212	211	139	225	171	191	225	352	
395	353	345	423	314	290	261	240	213	175	141	129	89	78	70	39	35	105	111	141	155	150	214	242	269	252	326	316	334	342	451	
---Frame 21---
--endo--
194	226	322	275	303	296	375	277	383	292	273	236	143	242	303	226	223	121	218	353	
243	241	294	222	187	176	190	108	189	134	136	140	92	219	307	267	281	216	290	414	
--epi--
350	308	279	468	320	341	357	356	364	363	358	325	325	356	319	290	266	295	281	247	235	81	218	214	212	74	160	106	126	160	349	
392	352	280	426	249	225	196	175	148	110	76	64	24	81	71	38	34	104	108	144	150	85	211	237	266	187	261	251	269	277	448	
---Frame 22---
--endo--
196	230	326	279	307	298	376	281	387	290	273	238	147	244	307	224	226	125	218	356	
247	245	290	226	191	180	188	112	185	136	132	136	96	215	307	271	285	220	290	412	
--epi--
353	308	283	468	324	345	361	359	366	367	362	329	329	356	315	290	266	295	283	247	236	81	221	214	212	78	164	110	130	164	349	
394	352	284	424	253	229	200	179	152	114	80	68	24	81	69	38	34	100	110	146	148	85	207	237	266	188	265	255	273	281	448	
---Frame 23---
--endo--
200	234	326	282	311	298	378	283	385	290	274	240	151	245	308	226	230	129	218	356	
251	249	294	230	195	184	186	116	187	136	130	134	100	213	307	267	289	224	290	414	
--epi--
350	309	287	467	328	349	365	363	366	370	366	329	329	357	317	290	266	294	283	247	237	81	218	214	212	78	168	114	134	168	353	
390	350	288	428	257	233	204	183	156	118	84	72	24	83	65	38	34	104	106	148	146	85	211	237	266	188	269	259	277	285	446	
---Frame 24---
--endo--
204	238	325	283	315	298	382	287	386	289	275	243	155	246	308	225	234	133	218	352	
255	253	296	234	199	186	182	120	187	138	130	132	104	213	303	271	293	228	290	416	
--epi--
354	310	291	467	332	353	366	364	370	374	370	330	329	358	315	290	266	294	284	247	237	81	221	213	215	78	172	118	138	172	354	
386	348	292	432	261	237	208	187	160	122	87	76	24	87	69	38	34	106	108	148	146	85	207	239	262	188	273	263	281	289	446	
---Frame 25---
--endo--
201	234	322	285	317	299	383	287	382	289	275	246	158	246	308	227	233	131	219	353	
259	256	294	238	202	190	180	123	191	138	130	130	103	213	305	267	295	230	288	416	
--epi--
353	310	289	470	331	354	370	363	374	377	368	333	329	359	315	290	266	294	284	247	239	81	223	215	214	78	174	122	140	173	352	
388	350	293	428	263	237	212	187	162	121	88	78	24	89	69	38	34	106	110	150	144	85	205	237	264	188	273	262	281	290	448	
---Frame 26---
--endo--
204	238	322	288	318	303	383	284	386	289	275	247	158	246	309	230	232	131	222	354	
256	255	298	237	201	194	180	124	187	138	130	130	103	213	305	263	296	230	284	416	
--epi--
357	312	289	474	332	354	374	361	377	378	369	331	329	357	317	290	266	295	284	247	242	81	223	218	217	78	171	125	135	170	355	
386	346	294	426	262	237	210	189	161	122	88	79	24	85	71	38	34	102	106	150	142	85	205	233	260	188	274	261	285	291	448	
---Frame 27---
--endo--
201	242	325	290	313	300	384	282	388	289	275	247	158	246	313	232	230	129	222	354	
260	253	294	236	205	197	180	127	185	138	130	130	103	213	307	261	297	233	284	416	
--epi--
356	313	292	478	328	350	374	358	372	380	365	332	329	357	318	290	266	295	286	247	242	81	220	222	216	78	173	125	135	172	354	
388	346	292	424	265	239	210	193	164	121	91	79	24	85	71	38	34	98	104	152	142	85	209	229	262	188	273	261	285	290	448	
---Frame 28---
--endo--
198	242	323	286	317	301	384	281	392	289	275	249	158	246	314	230	228	133	222	357	
264	253	298	238	201	197	180	131	183	138	130	128	103	213	309	265	298	229	284	414	
--epi--
356	313	289	473	331	353	377	358	368	375	362	329	329	358	318	290	266	295	285	248	240	81	222	218	213	78	176	125	135	170	358	
390	350	292	420	263	236	209	196	168	124	95	83	24	87	71	38	34	98	108	150	144	85	207	233	266	188	272	261	285	291	444	
---Frame 29---
--endo--
200	246	325	284	318	303	383	283	388	289	274	249	158	246	315	233	226	133	222	356	
262	252	296	239	200	196	180	127	185	138	134	128	103	213	311	261	301	229	284	414	
--epi--
356	315	289	474	330	348	377	358	365	370	366	329	329	359	318	290	266	296	285	249	243	81	222	215	213	78	176	125	135	167	354	
390	348	292	418	262	239	209	193	172	128	90	84	24	89	71	38	34	100	110	146	142	85	207	237	266	188	272	261	285	295	446	
---Frame 30---
--endo--
201	241	326	288	316	299	379	287	388	291	273	245	158	246	316	230	226	135	222	358	
261	255	296	237	202	200	184	123	185	134	138	132	103	213	311	265	301	228	284	412	
--epi--
356	317	286	473	325	351	374	359	364	368	370	326	329	359	318	290	266	296	285	249	243	81	222	215	213	78	180	125	136	165	353	
390	344	294	418	266	237	210	191	174	132	88	87	24	89	71	38	34	102	110	148	142	85	207	237	266	188	271	261	284	299	446	
---Frame 31---
--endo--
205	245	330	290	319	302	383	290	390	293	270	180	93	243	251	231	161	70	223	293	
256	252	299	232	199	197	179	122	182	133	135	67	38	208	246	260	236	163	279	347	
--epi--
291	318	221	477	260	286	309	294	299	372	366	324	324	361	314	289	265	297	289	253	245	81	157	217	217	74	115	60	71	100	352	
325	341	229	415	201	172	145	126	109	127	83	84	25	88	72	39	31	105	113	149	139	84	142	234	261	191	206	196	219	234	441	
---Frame 32---
--endo--
208	240	334	291	321	306	386	290	393	294	274	184	93	242	255	232	164	74	223	297	
252	250	295	230	197	197	175	126	180	137	131	71	38	210	250	258	240	167	279	351	
--epi--
295	319	225	473	264	290	313	298	301	373	367	323	322	361	313	289	265	297	289	254	245	81	161	218	219	74	115	60	71	104	354	
329	341	233	413	205	176	149	130	113	127	83	82	25	88	72	39	31	107	117	145	139	84	146	232	257	195	210	196	219	238	439	
---Frame 33---
--endo--
212	241	335	295	323	306	387	290	393	294	274	188	93	244	259	231	168	78	226	301	
248	248	295	226	195	197	173	128	180	135	131	75	38	206	254	260	244	167	275	355	
--epi--
299	320	229	472	268	294	317	301	302	370	368	322	321	362	313	289	265	297	289	254	245	81	163	220	218	74	119	60	71	108	355	
333	341	237	413	209	180	153	134	117	129	87	82	25	90	72	39	31	111	119	145	139	84	150	230	259	197	214	196	219	242	439	
---Frame 34---
--endo--
213	241	335	293	323	306	387	290	393	295	274	192	93	243	263	231	172	79	226	305	
248	248	291	228	195	197	173	128	180	139	131	79	38	210	258	260	248	167	275	359	
--epi--
303	322	233	470	272	298	321	305	305	369	366	321	322	362	310	289	265	297	290	254	245	81	167	219	218	74	123	60	71	112	355	
337	339	241	417	213	184	157	138	121	129	83	80	25	90	70	39	31	115	115	145	139	84	154	232	259	197	218	196	219	246	439	
---Frame 35---
--endo--
213	245	339	294	320	303	387	290	394	294	274	190	93	243	262	230	174	79	228	308	
248	244	293	228	197	195	175	128	180	135	131	82	38	210	262	262	249	167	273	360	
--epi--
298	324	237	469	272	300	324	304	307	370	365	321	322	362	310	289	265	297	290	254	245	81	164	219	217	74	125	60	71	114	354	
341	339	241	417	213	184	157	142	125	129	81	80	25	90	70	39	31	115	113	145	139	84	157	232	261	197	221	196	219	249	441	
---Frame 36---
--endo--
211	245	338	291	320	307	387	290	395	294	278	187	93	242	261	230	174	79	227	303	
250	244	297	232	197	197	175	132	178	137	127	84	38	212	263	262	249	167	275	361	
--epi--
298	325	234	468	275	301	321	303	305	371	365	321	322	358	310	289	265	298	290	254	249	81	164	219	216	74	125	60	71	117	357	
342	339	242	417	212	183	160	142	129	127	81	80	25	86	70	39	31	111	113	145	135	84	157	232	263	197	221	196	219	247	441	
---Frame 37---
--endo--
211	249	338	294	320	303	391	290	398	295	275	187	93	243	263	230	174	79	227	307	
250	248	299	228	197	195	179	136	176	141	131	84	38	212	261	262	249	167	275	359	
--epi--
298	326	233	469	274	304	320	302	306	369	365	321	322	359	310	289	265	298	290	252	252	81	166	222	219	74	125	60	71	117	361	
343	339	242	417	213	182	164	142	128	129	81	82	25	86	70	39	31	109	111	141	139	84	156	228	259	197	221	196	219	247	441	
---Frame 38---
--endo--
211	250	339	294	320	302	386	290	399	294	279	187	93	243	259	230	174	79	225	305	
250	252	299	228	197	197	179	136	176	137	135	84	38	212	265	262	249	167	279	359	
--epi--
300	328	237	469	277	304	319	300	304	370	366	320	322	363	310	289	265	298	290	250	251	81	169	222	216	74	127	60	71	117	361	
341	335	241	417	212	182	164	146	130	127	83	80	25	88	70	39	31	109	113	143	143	84	154	228	263	197	219	196	219	247	441	
---Frame 39---
--endo--
214	251	341	293	324	305	387	290	403	294	275	187	93	243	261	230	174	79	224	304	
248	256	297	230	193	193	179	136	180	135	131	84	38	212	262	262	249	167	281	361	
--epi--
297	327	232	473	275	302	320	301	303	374	367	320	322	365	310	289	266	298	290	248	250	81	166	220	216	74	127	60	71	117	362	
344	339	242	415	213	183	162	145	133	123	83	80	25	92	70	39	35	107	115	145	147	84	156	230	263	197	219	196	219	247	441	
---Frame 40---
--endo--
214	251	343	293	321	305	388	291	399	294	279	190	93	243	258	233	172	79	227	303	
248	258	293	230	197	195	179	134	178	135	135	82	38	212	266	258	250	167	277	364	
--epi--
298	329	231	408	273	301	317	299	303	372	368	319	322	363	310	289	265	298	290	251	251	81	169	220	216	74	127	60	71	117	361	
342	337	243	353	214	184	164	147	132	127	85	80	25	88	70	39	31	107	119	143	145	84	154	230	263	197	219	196	219	247	441	
---Frame 41---
--endo--
217	254	278	295	325	309	323	288	334	297	277	187	92	241	262	234	107	74	228	238	
245	253	228	225	194	192	114	129	113	134	132	81	39	211	263	253	185	162	274	299	
--epi--
233	333	232	343	208	236	319	294	304	374	372	315	317	362	305	288	263	299	289	252	252	81	104	224	219	74	62	56	71	117	365	
277	334	238	288	149	119	159	142	131	122	86	81	26	85	73	38	34	106	114	140	142	85	89	225	260	198	154	193	220	250	438	
---Frame 42---
--endo--
219	256	282	295	328	313	323	287	338	298	278	187	92	241	265	234	110	69	230	242	
241	249	232	225	190	196	118	131	117	138	130	81	39	211	261	253	189	162	270	303	
--epi--
237	333	232	347	212	240	319	293	305	373	372	316	314	361	305	288	263	299	293	254	255	81	108	225	221	74	62	54	71	115	369	
281	334	238	292	153	123	161	146	135	124	84	85	22	81	71	38	34	106	118	138	138	85	93	223	256	198	154	189	220	252	434	
---Frame 43---
--endo--
219	256	286	299	324	312	323	287	342	298	278	187	92	241	265	235	114	69	228	246	
241	249	233	221	194	192	122	131	121	136	130	81	39	211	261	251	193	162	274	307	
--epi--
241	333	233	351	216	244	321	293	305	372	373	316	314	362	303	288	263	299	293	258	258	81	111	225	221	74	62	54	71	115	369	
285	334	236	296	157	127	159	146	135	124	84	85	20	83	67	38	34	110	118	134	142	85	97	223	256	198	154	189	220	252	434	
---Frame 44---
--endo--
219	255	290	297	325	312	323	287	346	297	278	187	92	241	262	236	118	69	228	250	
241	251	234	223	192	194	125	131	125	134	130	81	39	211	261	249	197	162	274	311	
--epi--
245	335	234	355	220	248	323	293	306	372	373	315	314	361	303	288	263	299	293	258	258	81	115	228	221	74	62	54	71	115	373	
289	330	234	300	161	131	155	146	137	124	82	83	20	79	67	38	34	112	118	134	144	85	101	219	256	198	154	189	220	252	432	
---Frame 45---
--endo--
216	255	294	301	324	307	326	289	349	297	278	187	92	241	261	234	119	69	230	247	
245	251	238	219	192	192	129	127	128	136	130	81	39	211	263	251	199	162	270	315	
--epi--
247	335	233	359	222	243	321	293	305	372	372	311	314	362	305	288	263	299	293	258	257	81	119	225	221	74	62	54	71	115	373	
290	330	236	303	162	133	155	146	133	124	84	79	20	83	71	38	34	114	118	134	148	85	100	223	256	198	154	189	220	252	432	
---Frame 46---
--endo--
216	252	297	303	322	311	326	289	348	297	277	187	92	243	261	235	119	69	231	247	
245	255	241	217	192	192	133	127	131	136	132	81	39	207	263	249	199	162	268	315	
--epi--
245	332	233	357	222	241	323	293	306	373	374	311	314	362	305	288	263	300	293	258	258	81	114	225	222	74	62	54	71	115	375	
292	334	236	305	162	136	153	146	137	124	86	75	20	83	71	38	34	110	118	134	144	85	102	223	254	198	154	189	220	252	432	
---Frame 47---
--endo--
219	252	298	303	319	312	326	288	349	297	278	187	92	244	263	235	117	69	231	243	
241	255	241	217	194	196	137	129	129	134	130	81	39	205	259	249	200	162	268	318	
--epi--
249	331	233	360	223	244	320	295	305	377	372	311	314	362	306	288	263	300	293	256	259	81	113	225	222	74	62	54	71	114	377	
289	334	236	303	161	133	155	142	133	120	84	77	20	83	71	38	34	114	120	136	142	85	106	223	254	198	154	189	220	252	430	
---Frame 48---
--endo--
216	252	301	301	320	312	327	291	348	299	282	185	92	245	267	232	117	69	231	242	
245	253	241	219	192	198	136	125	132	138	126	79	39	203	257	253	200	162	268	319	
--epi--
245	335	230	355	222	241	317	297	306	380	374	311	314	362	306	288	263	300	293	260	259	81	112	226	223	74	62	54	71	114	374	
291	330	240	306	161	135	159	140	137	118	86	77	20	83	71	38	34	118	124	140	142	85	107	221	252	198	154	189	220	252	432	
---Frame 49---
--endo--
216	249	300	301	323	313	326	290	351	299	282	185	92	244	264	235	117	69	232	243	
245	257	241	219	188	200	139	127	129	140	126	79	39	203	259	249	200	162	268	316	
--epi--
240	337	233	354	219	242	316	297	307	379	377	315	314	364	306	288	263	300	293	258	258	81	111	226	223	74	62	54	71	116	377	
295	334	236	307	163	135	161	140	141	118	88	81	20	85	71	38	34	120	128	144	144	85	108	221	252	198	154	189	220	254	430	
---Frame 50---
--endo--
216	249	298	301	321	313	327	287	349	299	282	186	92	243	268	233	118	69	232	243	
245	255	241	219	190	200	137	131	130	138	126	75	39	203	261	251	199	162	268	318	
--epi--
241	338	231	354	216	246	317	296	307	376	379	316	316	364	304	288	263	301	294	258	253	81	111	226	221	74	62	54	71	116	377	
293	334	238	307	164	132	161	142	139	120	92	83	18	85	67	38	34	116	124	142	140	85	108	221	254	198	154	189	220	254	430	
---Frame 51---
--endo--
217	245	302	303	322	314	322	285	345	295	282	185	89	241	203	231	115	64	231	178	
242	254	238	216	193	197	136	128	129	133	123	78	38	198	196	248	202	159	265	253	
--epi--
176	339	228	289	151	181	317	292	303	373	314	314	311	368	301	287	263	303	292	258	255	81	115	227	222	74	57	53	71	116	379	
228	329	237	242	99	67	158	137	134	119	27	84	21	84	70	39	33	115	121	139	137	84	105	218	249	197	151	192	219	255	427	
---Frame 52---
--endo--
217	246	301	305	323	314	322	289	344	295	286	189	89	242	207	232	114	67	234	182	
242	254	238	214	197	197	136	124	129	133	119	80	38	194	200	244	206	155	261	257	
--epi--
180	340	229	293	155	185	318	291	304	376	314	314	306	370	301	287	263	304	292	258	256	81	111	227	222	74	57	53	71	116	380	
232	329	235	244	103	71	158	139	132	115	27	84	25	88	68	39	33	115	121	139	135	84	101	218	249	197	147	192	219	255	427	
---Frame 53---
--endo--
216	249	301	306	324	318	322	291	343	295	290	189	89	241	211	231	114	67	231	186	
242	250	238	214	201	201	136	122	129	133	115	80	38	198	204	246	206	155	265	261	
--epi--
184	342	229	297	159	189	318	291	306	375	314	311	302	368	301	287	263	304	295	258	258	81	111	228	224	74	57	53	71	116	380	
236	327	233	248	107	75	158	139	130	115	27	82	25	84	68	39	33	115	117	139	133	84	101	216	245	197	147	192	219	255	427	
---Frame 54---
--endo--
218	251	301	307	324	318	322	291	342	295	290	189	89	239	215	233	114	67	232	189	
238	250	238	212	197	201	136	122	129	133	115	80	38	202	208	242	206	155	265	265	
--epi--
188	340	231	301	163	193	319	292	306	377	314	311	298	370	301	287	263	304	293	260	255	81	111	232	223	74	57	53	71	116	382	
240	329	229	252	111	79	158	137	130	113	27	80	23	88	70	39	33	115	119	137	137	84	101	220	245	197	147	192	219	255	425	
---Frame 55---
--endo--
221	249	302	304	325	319	324	291	341	297	286	189	89	240	211	233	114	67	233	187	
242	252	236	216	193	205	134	122	131	131	119	80	38	200	212	242	206	155	261	267	
--epi--
192	338	231	302	158	194	319	291	303	380	314	311	298	372	301	287	263	304	295	260	255	81	111	231	221	74	57	53	71	116	384	
240	331	229	256	115	80	158	139	134	111	27	80	23	92	72	39	33	115	117	137	137	84	101	224	247	197	147	192	219	255	423	
---Frame 56---
--endo--
217	252	302	308	327	320	324	289	342	299	290	189	89	241	212	234	114	67	232	187	
238	248	236	212	193	207	134	124	129	129	123	80	38	198	210	242	206	155	263	269	
--epi--
196	338	230	301	155	196	323	291	306	376	314	311	298	369	301	287	263	304	295	260	255	81	111	232	220	74	57	53	71	116	388	
238	331	231	257	118	79	156	141	130	115	27	80	23	90	72	39	33	115	117	137	137	84	101	220	251	197	147	192	219	255	421	
---Frame 57---
--endo--
217	253	303	310	329	321	324	291	345	296	291	189	89	240	209	234	114	67	231	186	
238	246	236	212	195	203	134	122	125	133	123	80	38	202	214	242	206	155	265	271	
--epi--
200	339	232	303	153	194	325	292	306	376	314	315	298	367	301	287	263	301	295	261	259	81	111	227	219	74	57	53	71	116	388	
236	329	229	257	122	80	154	139	130	115	27	84	23	86	72	39	33	111	117	137	133	84	101	216	253	197	147	192	219	255	421	
---Frame 58---
--endo--
218	252	307	311	332	324	326	288	349	295	291	189	89	242	210	233	114	67	232	184	
236	248	234	212	191	205	130	126	121	135	123	80	38	198	214	244	206	155	261	273	
--epi--
202	338	232	307	154	194	321	295	306	377	314	315	298	365	301	287	263	304	299	261	263	81	111	228	220	74	57	53	71	116	384	
236	331	229	255	119	80	158	135	130	113	27	82	23	84	72	39	33	115	121	137	137	84	101	214	249	197	147	192	219	255	423	
---Frame 59---
--endo--
216	251	306	312	256	328	326	288	349	295	291	189	89	243	212	237	114	67	231	181	
238	248	236	212	125	201	130	126	121	135	127	80	38	196	211	240	206	155	265	277	
--epi--
197	338	231	306	154	191	321	297	306	372	314	316	298	365	301	287	262	304	299	261	263	81	111	229	221	74	57	53	71	116	382	
237	331	231	255	119	82	158	133	130	117	27	82	23	84	72	39	31	119	121	137	139	84	101	212	247	197	147	192	219	255	423	
---Frame 60---
--endo--
216	251	307	314	260	330	323	287	347	295	292	189	89	244	214	233	114	67	231	181	
238	246	236	212	129	197	134	128	123	135	123	80	38	196	209	244	206	155	265	279	
--epi--
194	341	230	309	154	191	324	298	305	372	314	318	298	365	301	287	263	305	296	259	262	81	111	229	221	74	57	53	71	116	383	
238	327	233	253	119	82	156	133	132	117	27	86	23	84	72	39	33	115	117	139	143	84	101	212	247	197	147	192	219	255	423	
---Frame 61---
--endo--
216	249	242	249	264	265	318	288	343	291	292	184	89	242	217	233	115	62	231	116	
233	245	171	147	126	132	129	125	118	134	120	75	39	195	204	239	207	158	260	214	
--epi--
198	343	229	244	89	188	259	296	309	367	309	316	293	365	300	286	262	308	298	262	262	81	111	229	225	74	57	54	71	115	385	
235	324	228	188	54	81	91	128	135	114	28	81	24	85	73	38	34	116	112	134	140	85	100	207	250	198	146	189	220	250	420	
---Frame 62---
--endo--
217	252	246	253	264	269	318	287	345	293	295	187	89	242	219	233	115	60	230	120	
231	241	175	151	126	136	129	125	116	132	116	71	39	195	200	239	211	162	262	218	
--epi--
200	346	231	248	89	188	260	297	309	367	307	316	288	365	295	286	262	308	300	260	265	81	111	228	225	74	57	54	71	115	387	
231	322	226	192	54	81	95	126	135	114	28	79	24	85	71	38	34	116	110	136	136	85	100	209	246	198	146	189	220	254	420	
---Frame 63---
--endo--
216	255	250	257	264	273	317	287	345	291	299	187	89	242	216	232	115	60	231	124	
233	237	178	155	126	140	131	125	116	134	112	71	39	195	204	241	213	162	262	222	
--epi--
200	349	230	252	89	188	264	297	309	366	307	316	288	364	295	286	262	308	300	260	267	81	111	231	225	74	57	54	71	113	318	
231	320	228	196	54	81	99	126	137	116	28	79	24	83	71	38	34	116	110	136	134	85	100	205	246	198	146	189	220	258	358	
---Frame 64---
--endo--
219	259	254	261	264	277	320	290	345	291	295	187	89	242	216	234	115	60	233	128	
229	235	182	159	126	144	127	123	116	134	116	71	39	195	204	239	213	162	258	226	
--epi--
200	353	228	255	89	188	267	297	309	368	307	316	289	364	295	286	262	308	302	262	267	81	111	235	225	74	57	54	71	116	322	
231	318	232	199	54	81	103	126	139	114	28	81	26	83	71	38	34	114	108	134	134	85	100	201	246	198	146	189	220	260	362	
---Frame 65---
--endo--
221	259	257	265	264	278	318	293	346	291	292	187	89	244	215	236	115	60	235	125	
227	235	182	161	126	147	129	119	116	134	120	71	39	191	206	237	213	162	256	229	
--epi--
200	349	231	252	89	188	264	299	310	370	307	319	289	360	295	286	262	308	298	260	265	81	111	232	225	74	57	54	71	116	326	
231	322	228	202	54	81	107	124	143	112	28	85	22	83	71	38	34	114	112	136	136	85	100	205	246	198	146	189	220	260	366	
---Frame 66---
--endo--
221	263	261	264	264	277	318	291	346	293	293	187	89	242	217	234	115	60	231	127	
227	233	181	162	126	148	129	121	118	130	118	71	39	195	204	239	213	162	260	228	
--epi--
200	350	229	254	89	188	265	299	309	368	307	316	289	359	296	286	262	308	301	260	267	81	111	232	224	74	57	54	71	116	329	
231	322	230	201	54	81	106	124	141	116	28	83	22	81	69	38	34	114	108	136	134	85	100	205	248	198	146	189	220	260	370	
---Frame 67---
--endo--
219	263	262	259	267	276	320	291	346	290	293	187	89	242	217	233	115	60	229	125	
229	233	181	166	122	149	127	121	118	134	118	71	39	195	204	239	213	162	262	230	
--epi--
200	350	230	255	89	188	268	299	310	369	307	314	289	360	296	286	262	308	301	260	265	81	111	229	224	74	57	54	71	116	332	
231	322	228	200	54	81	104	124	143	112	28	79	26	83	69	38	34	114	108	136	136	85	100	209	246	198	146	189	220	260	370	
---Frame 68---
--endo--
217	258	263	256	263	273	320	294	350	291	291	187	89	243	217	236	115	60	230	124	
231	235	181	167	126	151	127	117	114	132	120	71	39	191	204	235	213	162	260	232	
--epi--
200	353	229	253	89	188	267	298	313	368	307	315	289	359	296	286	262	308	299	260	269	81	111	229	224	74	57	54	71	116	334	
231	320	228	202	54	81	105	124	145	116	28	81	26	81	69	38	34	114	110	136	140	85	100	209	246	198	146	189	220	260	369	
---Frame 69---
--endo--
219	253	262	253	263	276	321	294	346	292	290	182	89	245	217	235	115	60	229	124	
229	239	181	171	126	147	125	117	118	130	122	75	39	187	204	237	213	162	262	232	
--epi--
200	355	228	256	89	188	265	298	313	368	307	316	289	359	296	286	262	307	297	260	268	81	111	232	224	74	57	54	71	116	338	
231	318	230	199	54	81	106	124	145	116	28	85	26	79	69	38	34	114	112	136	142	85	100	205	246	198	146	189	220	258	368	
---Frame 70---
--endo--
219	252	258	256	266	278	320	290	345	295	290	182	89	245	217	236	117	60	229	121	
229	243	182	166	122	145	127	121	120	126	122	75	39	187	204	235	217	162	262	236	
--epi--
203	358	227	258	89	188	264	296	311	372	307	317	289	360	296	286	262	304	300	260	268	81	111	232	219	74	57	54	71	116	339	
227	314	232	198	54	81	107	126	141	114	28	85	26	81	69	38	34	110	116	136	146	85	100	205	244	198	146	189	220	258	368	
---Frame 71---
--endo--
221	254	258	254	269	275	315	290	343	298	291	182	89	242	219	234	115	60	228	56	
224	240	179	161	119	144	122	118	115	125	117	78	38	186	201	232	214	163	257	171	
--epi--
205	293	225	262	88	183	199	299	306	372	303	312	284	364	294	285	262	307	302	261	264	81	115	232	223	74	57	54	71	116	342	
222	249	231	195	55	80	42	125	136	109	29	80	27	82	70	39	33	109	119	133	145	84	103	202	243	197	147	188	219	257	371	
---Frame 72---
--endo--
219	257	260	255	271	279	318	291	346	298	289	182	89	242	222	234	115	60	231	56	
226	236	177	159	117	140	118	116	111	125	119	78	38	186	197	230	214	163	253	171	
--epi--
205	297	226	265	88	182	199	299	309	371	301	313	281	366	294	285	262	306	302	262	265	81	114	235	223	74	57	54	71	116	341	
222	253	227	191	55	80	42	125	132	111	25	84	25	82	70	39	33	113	119	131	143	84	105	198	243	197	147	188	219	257	369	
---Frame 73---
--endo--
219	261	263	255	274	282	316	288	346	298	292	182	89	242	225	236	115	60	231	56	
226	232	173	159	115	136	120	120	111	127	115	78	38	186	193	226	214	163	253	171	
--epi--
208	301	227	263	88	182	199	299	309	373	301	311	281	366	292	285	262	306	302	262	269	81	114	233	219	74	57	54	71	116	341	
218	257	225	193	55	80	42	125	132	111	25	80	25	78	66	39	33	109	119	131	139	84	105	200	239	197	147	188	219	257	367	
---Frame 74---
--endo--
219	257	266	258	271	280	313	287	342	299	295	182	89	242	225	234	115	60	231	56	
226	236	171	157	117	138	124	120	115	131	119	78	38	186	193	230	214	163	253	171	
--epi--
208	301	227	263	88	182	199	299	310	376	301	310	281	365	294	285	262	306	303	261	270	81	114	233	220	74	57	54	71	116	344	
218	261	225	193	55	80	42	129	132	109	25	78	25	78	70	39	33	105	115	133	139	84	105	200	237	197	147	188	219	257	369	
---Frame 75---
--endo--
219	253	269	260	273	282	316	287	343	299	291	186	89	242	223	235	115	60	231	56	
226	240	169	155	115	136	120	120	113	135	115	82	38	186	195	228	214	163	253	171	
--epi--
208	301	227	267	88	182	199	299	310	376	301	311	281	369	294	285	262	304	303	263	266	81	114	234	221	74	57	54	71	116	344	
218	262	225	189	55	80	42	127	132	111	25	82	25	82	70	39	33	107	115	131	143	84	105	198	235	197	147	188	219	257	369	
---Frame 76---
--endo--
220	255	270	256	268	278	316	289	343	299	295	182	89	242	223	235	115	60	230	56	
224	238	169	159	119	140	120	116	113	131	119	78	38	186	195	228	214	163	255	171	
--epi--
208	302	227	268	88	182	199	299	310	375	301	312	281	369	292	285	262	304	302	266	266	81	114	234	221	74	57	54	71	116	343	
218	261	225	187	55	80	42	125	132	111	25	84	25	78	66	39	33	107	117	127	143	84	105	198	235	197	147	188	219	257	373	
---Frame 77---
--endo--
220	256	270	258	268	279	318	289	344	299	295	183	89	242	220	235	115	60	232	56	
224	236	169	157	119	138	118	116	111	127	119	78	38	186	199	228	214	163	253	171	
--epi--
208	304	227	266	88	182	199	300	311	376	301	311	281	372	290	285	262	306	302	269	270	81	114	235	218	74	57	54	71	116	342	
218	262	225	191	55	80	42	127	132	111	25	80	25	82	68	39	33	105	117	125	139	84	105	196	239	197	147	188	219	257	377	
---Frame 78---
--endo--
220	256	272	260	271	278	318	289	345	299	295	187	89	242	220	235	115	60	232	56	
224	236	169	155	117	140	118	116	111	127	119	82	38	186	199	228	214	163	253	171	
--epi--
208	307	227	264	88	182	199	300	310	379	301	311	281	371	291	285	262	306	302	273	273	81	114	234	217	74	57	54	71	116	342	
218	260	225	193	55	80	42	127	134	109	25	80	25	80	66	39	33	105	121	123	137	84	105	198	241	197	147	188	219	257	377	
---Frame 79---
--endo--
220	253	272	260	271	282	316	289	346	299	295	187	89	243	218	235	115	60	231	56	
224	240	169	155	117	136	122	116	111	125	123	82	38	184	201	228	214	163	255	171	
--epi--
208	302	228	264	88	182	199	300	310	378	301	311	281	373	291	285	262	306	302	270	275	81	114	234	217	74	57	54	71	116	344	
218	264	223	193	55	80	42	125	134	109	25	80	25	82	66	39	33	109	121	125	135	84	105	198	241	197	147	188	219	257	377	
---Frame 80---
--endo--
221	253	268	258	273	279	315	286	350	301	295	182	89	243	218	234	115	60	234	56	
222	240	171	157	115	138	124	120	109	129	121	78	38	186	201	230	214	163	251	171	
--epi--
205	306	228	264	88	182	199	301	308	378	301	310	281	373	289	285	262	306	303	273	273	81	114	237	218	74	57	54	71	116	344	
222	262	223	193	55	80	42	127	138	109	25	78	25	82	68	39	33	113	123	123	137	84	105	194	239	197	147	188	219	257	377	
---Frame 81---
--endo--
222	256	203	254	208	277	311	286	352	296	298	186	88	242	219	232	112	60	235	56	
217	235	106	156	50	135	119	115	106	124	120	77	39	181	198	225	213	162	248	172	
--epi--
206	241	227	199	88	177	196	305	303	313	296	306	276	368	285	284	260	308	306	276	274	81	114	235	216	74	57	54	71	115	347	
217	197	218	128	54	79	43	126	133	44	28	81	26	79	65	38	32	116	122	118	132	85	102	193	238	198	146	189	220	258	372	
---Frame 82---
--endo--
222	255	207	257	212	278	312	289	355	293	297	187	88	244	219	235	112	60	236	56	
217	235	110	152	54	133	117	111	104	128	120	79	39	177	198	221	213	162	246	172	
--epi--
207	245	226	202	88	175	193	306	305	317	293	302	273	367	283	284	260	307	306	280	276	81	114	236	216	74	57	54	71	115	350	
215	201	220	132	54	75	43	130	131	48	28	79	22	79	67	38	32	112	124	114	130	85	102	189	238	198	146	189	220	258	374	
---Frame 83---
--endo--
223	253	211	260	216	281	314	285	356	295	298	191	88	244	220	233	112	60	237	56	
215	237	114	148	58	129	115	115	102	124	122	81	39	177	196	223	213	162	244	172	
--epi--
207	249	228	206	88	175	193	306	307	320	293	306	273	366	285	284	260	308	306	282	273	81	114	238	216	74	57	54	71	115	348	
215	205	216	136	54	75	43	126	129	52	28	79	20	77	71	38	32	116	122	112	132	85	102	185	236	198	146	189	220	258	372	
---Frame 84---
--endo--
223	255	215	258	220	284	312	285	359	296	299	187	88	244	221	231	112	60	237	56	
215	235	117	150	62	127	117	115	100	122	122	79	39	177	194	227	213	162	244	172	
--epi--
210	253	228	210	88	175	193	306	305	323	293	307	273	366	285	284	260	308	307	284	270	81	114	236	215	74	57	54	71	115	351	
211	209	216	140	54	75	43	124	133	56	28	81	20	77	75	38	32	114	122	110	136	85	102	189	238	198	146	189	220	258	376	
---Frame 85---
--endo--
222	254	218	257	222	284	308	283	358	296	299	191	88	242	221	230	116	60	237	56	
217	237	117	152	66	127	121	119	102	122	122	81	39	181	194	229	217	162	244	172	
--epi--
207	254	226	210	88	175	193	306	309	325	293	307	273	366	286	284	260	308	308	284	272	81	114	236	217	74	57	54	71	115	352	
215	210	220	142	54	75	43	126	129	60	28	81	20	77	71	38	32	116	126	110	132	85	100	189	234	198	146	189	220	258	380	
---Frame 86---
--endo--
221	257	222	254	222	284	311	283	361	296	299	187	88	242	221	230	112	60	234	56	
219	233	116	156	66	127	117	119	104	122	120	79	39	179	194	229	213	162	248	172	
--epi--
206	252	226	213	88	175	193	306	308	320	293	307	273	366	286	284	260	309	307	284	276	81	114	235	220	74	57	54	71	115	352	
217	211	220	141	54	75	43	124	131	64	28	81	20	77	69	38	32	118	122	110	128	85	100	193	230	198	146	189	220	258	382	
---Frame 87---
--endo--
224	253	222	254	218	280	310	282	359	297	300	187	88	240	219	230	114	60	236	56	
215	237	116	156	68	131	119	119	102	122	120	79	39	183	198	229	213	162	244	172	
--epi--
206	249	225	214	88	175	193	306	308	319	293	307	273	366	285	284	260	310	308	280	272	81	114	234	220	74	57	54	71	115	352	
217	215	222	140	54	75	43	124	131	64	28	79	20	77	71	38	32	120	126	112	132	85	100	193	230	198	146	189	220	256	384	
---Frame 88---
--endo--
225	255	219	254	213	277	308	285	363	296	301	187	88	239	222	232	116	60	235	56	
213	235	117	156	72	135	123	115	100	124	122	79	39	185	194	225	217	162	244	172	
--epi--
209	249	225	210	88	175	193	307	306	320	293	308	273	366	285	284	261	310	308	279	276	81	114	235	220	74	57	54	71	115	351	
213	214	222	142	54	75	43	126	135	64	28	83	20	77	71	38	34	116	122	112	128	85	100	191	230	198	146	189	220	256	388	
---Frame 89---
--endo--
226	256	218	257	211	278	311	289	365	300	301	187	88	239	222	234	116	60	232	56	
211	235	117	152	75	133	119	111	98	120	120	79	39	185	192	221	217	162	248	172	
--epi--
206	252	225	212	88	175	193	308	305	317	293	309	273	366	285	284	261	310	308	274	276	81	114	234	220	74	57	54	71	115	351	
217	213	222	141	54	75	43	128	137	68	28	85	20	79	69	38	34	114	122	116	128	85	100	191	230	198	146	189	220	256	390	
---Frame 90---
--endo--
224	258	218	256	211	280	313	286	362	297	301	187	88	240	223	231	116	60	232	56	
213	233	117	152	75	131	117	113	100	124	122	79	39	183	190	225	217	162	248	172	
--epi--
206	248	225	209	88	175	193	308	304	316	293	309	273	366	285	284	261	311	309	278	279	81	114	233	220	74	57	54	71	115	352	
217	215	222	142	54	75	43	126	137	72	28	85	20	79	69	38	34	118	122	112	126	85	100	193	230	198	146	189	220	256	386	
---Frame 91---
--endo--
225	260	153	254	207	276	309	287	297	294	297	182	88	236	223	235	116	60	229	56	
208	228	52	147	78	130	112	110	35	119	117	74	38	182	187	224	218	163	247	171	
--epi--
207	248	223	144	88	176	190	304	302	311	290	308	268	361	281	280	260	306	304	281	276	81	109	230	221	74	57	54	71	115	287	
212	212	221	77	55	78	42	121	132	73	29	86	23	78	64	37	31	113	117	109	123	84	101	192	225	197	147	188	219	253	321	
---Frame 92---
--endo--
225	259	155	255	211	277	309	287	297	294	298	180	88	237	223	235	116	60	229	56	
208	230	56	145	82	128	112	110	35	119	115	74	38	180	187	228	218	163	247	171	
--epi--
208	248	223	148	88	179	187	303	303	306	287	309	263	359	281	280	260	310	304	281	276	81	109	230	225	74	57	54	71	115	291	
210	212	221	81	55	82	42	121	130	73	25	88	25	74	64	37	31	109	117	109	123	84	101	192	227	197	147	188	219	253	325	
---Frame 93---
--endo--
226	260	157	255	215	277	309	287	297	294	298	180	88	239	223	235	116	60	230	56	
206	230	60	145	86	128	112	110	35	119	115	74	38	176	187	232	218	163	243	171	
--epi--
211	250	223	152	88	179	187	303	304	308	287	310	260	357	279	282	260	310	304	285	279	81	109	230	220	74	57	54	71	111	295	
206	210	221	85	55	82	42	121	130	71	25	90	23	76	66	37	31	109	117	111	119	84	101	192	225	197	147	188	219	249	329	
---Frame 94---
--endo--
226	263	157	255	215	277	307	289	297	292	298	180	88	238	224	234	116	60	229	56	
206	228	64	145	86	128	114	108	35	121	115	74	38	180	183	234	218	163	245	171	
--epi--
209	254	224	156	88	179	187	303	304	312	287	309	260	357	279	282	260	310	304	283	279	81	109	231	218	74	57	54	71	111	299	
208	206	217	89	55	82	42	121	130	73	25	88	23	76	66	37	31	109	117	107	119	84	101	188	229	197	147	188	219	249	333	
---Frame 95---
--endo--
227	262	161	252	213	280	309	289	297	292	296	180	88	237	223	234	116	60	228	56	
204	228	68	149	84	124	112	108	35	121	117	74	38	182	185	232	218	163	247	171	
--epi--
206	252	224	155	88	179	187	303	302	312	287	309	260	357	279	282	260	309	304	283	279	81	109	231	218	74	57	54	71	111	301	
212	208	217	90	55	82	42	121	134	73	25	88	23	76	66	37	31	111	117	107	119	84	101	188	229	197	147	188	219	249	333	
---Frame 96---
--endo--
227	260	160	252	210	282	309	289	297	293	296	180	88	236	222	234	116	60	228	56	
204	230	72	149	82	122	112	108	35	119	117	74	38	182	187	232	218	163	247	171	
--epi--
206	250	223	155	88	179	187	306	304	312	287	308	260	357	279	282	260	310	304	281	279	81	109	229	218	74	57	54	71	111	300	
212	210	219	90	55	82	42	117	130	73	25	86	23	76	66	37	31	109	117	109	119	84	101	192	229	197	147	188	219	249	334	
---Frame 97---
--endo--
228	261	160	253	210	285	309	289	297	296	296	180	88	237	222	234	116	60	228	56	
202	230	72	147	82	120	112	108	35	115	117	74	38	180	187	236	218	163	247	171	
--epi--
206	253	223	155	88	175	187	306	304	312	287	309	260	359	279	282	260	310	306	285	276	81	109	229	218	74	57	54	71	111	296	
212	208	219	90	55	78	42	117	130	73	25	88	23	74	66	37	31	109	115	113	123	84	101	192	229	197	147	188	219	249	335	
---Frame 98---
--endo--
228	265	160	253	213	285	311	287	297	295	296	180	88	237	222	234	116	60	228	56	
202	228	72	147	84	120	110	110	35	117	117	74	38	180	187	234	218	163	247	171	
--epi--
206	249	222	155	88	175	187	305	306	312	287	308	260	357	279	282	260	307	303	286	275	81	109	229	219	74	57	54	71	111	296	
212	212	221	90	55	78	42	119	128	73	25	86	23	76	66	37	31	113	119	109	125	84	101	192	225	197	147	188	219	249	336	
---Frame 99---
--endo--
225	266	159	254	213	283	309	290	297	294	300	180	88	237	222	234	116	60	228	56	
206	228	74	145	84	122	112	108	35	119	113	74	38	180	187	232	218	163	247	171	
--epi--
206	249	222	155	88	175	187	307	304	311	287	304	260	357	279	282	260	310	306	287	278	81	109	229	217	74	57	54	71	111	296	
212	212	221	90	55	78	42	117	132	73	25	82	23	76	66	37	31	109	115	105	121	84	101	192	229	197	147	188	219	249	336	
---Frame 100---
--endo--
225	266	157	254	213	279	311	292	297	294	300	180	88	237	222	234	116	60	228	56	
206	228	78	145	84	126	110	106	35	119	113	74	38	178	187	232	218	163	247	171	
--epi--
206	250	222	155	88	175	187	307	306	312	287	308	260	357	279	283	260	307	308	287	282	81	109	229	217	74	57	54	71	111	297	
212	210	221	90	55	78	42	117	128	73	25	84	23	78	66	39	31	113	113	105	117	84	101	192	229	197	147	188	219	249	335	
---Frame 101---
--endo--
226	201	153	251	209	278	314	227	295	289	296	178	88	239	222	229	114	60	229	56	
201	163	77	140	79	121	105	41	34	118	112	77	39	179	184	229	217	162	246	172	
--epi--
207	251	220	90	88	179	184	303	303	310	282	303	255	357	274	282	257	306	305	222	283	81	113	226	215	74	57	54	71	115	296	
207	207	220	25	54	79	43	112	123	74	26	83	24	81	69	38	30	108	110	40	112	85	100	191	226	198	146	189	220	244	332	
---Frame 102---
--endo--
226	203	153	253	208	281	317	227	295	290	296	179	88	239	223	230	114	60	224	56	
199	167	77	136	77	117	109	41	34	116	112	79	39	183	180	227	217	162	244	172	
--epi--
209	254	220	90	88	179	181	306	305	309	278	307	251	357	274	282	257	308	309	222	279	81	115	227	217	74	57	54	71	118	300	
203	203	220	25	54	79	43	108	119	74	26	83	26	83	73	38	30	106	106	40	116	85	100	187	222	198	146	189	220	242	328	
---Frame 103---
--endo--
226	207	153	253	208	279	317	227	295	293	296	183	88	239	223	230	114	60	225	56	
199	171	77	136	77	119	113	41	34	112	112	81	39	183	180	227	217	162	242	172	
--epi--
209	255	220	90	88	179	181	302	302	308	278	308	251	356	276	282	257	303	311	222	279	81	119	227	217	74	57	54	71	119	297	
203	203	220	25	54	79	43	112	123	76	26	87	26	83	77	38	30	110	104	40	116	85	104	187	222	198	146	189	220	244	332	