Total AVI Frames: 104
Frames Processed: 104
endoPoints: 20
epiPoints: 31
---Frame 0---
--endo--
369	400	429	452	476	486	479	458	433	404	374	346	318	294	277	269	275	287	311	339	
408	406	397	383	354	322	294	270	250	237	235	241	254	273	300	328	356	383	401	411	
--epi--
390	419	448	474	501	519	535	542	543	538	528	511	491	466	438	406	376	347	318	291	275	259	256	252	252	257	266	283	305	331	360	
457	454	446	431	411	388	361	331	301	273	243	218	196	178	166	157	155	165	177	197	218	248	276	304	333	361	391	415	434	448	455	
---Frame 1---
--endo--
367	398	427	450	474	484	477	456	431	402	372	344	316	292	275	267	273	285	309	337	
408	407	397	383	353	320	293	270	250	237	235	241	254	273	301	330	357	383	400	410	
--epi--
388	417	446	472	499	517	533	540	541	536	526	509	489	464	436	404	374	345	316	289	273	257	254	250	250	255	264	281	303	329	358	
457	454	446	431	412	390	362	331	298	270	238	217	196	179	166	157	154	164	176	198	218	248	276	305	335	364	392	416	435	447	456	
---Frame 2---
--endo--
365	398	427	450	474	484	477	456	431	402	372	344	316	292	275	267	273	285	309	337	
406	407	397	385	353	319	292	269	250	236	234	240	253	275	302	334	360	383	400	410	
--epi--
388	417	446	472	499	517	533	540	541	536	526	509	489	464	436	404	374	345	316	289	273	257	254	250	250	255	264	281	303	329	358	
458	454	446	431	413	391	362	331	297	269	236	217	196	179	165	158	155	164	176	198	218	248	278	306	337	366	392	417	435	448	456	
---Frame 3---
--endo--
366	398	427	447	474	484	477	456	431	402	372	344	316	292	275	267	273	285	309	337	
408	406	397	388	348	317	291	268	248	235	232	238	252	276	305	338	362	384	401	411	
--epi--
388	417	446	472	499	517	533	540	541	536	526	509	489	464	436	404	374	345	316	289	273	257	254	250	250	255	264	281	303	329	358	
457	454	446	431	414	391	361	331	296	269	236	217	196	178	164	158	153	163	175	198	218	252	282	307	341	368	393	418	436	448	455	
---Frame 4---
--endo--
367	398	427	450	474	484	474	456	431	402	372	344	316	292	275	269	273	285	309	337	
404	404	396	384	346	313	286	267	246	231	229	238	252	277	307	342	366	385	402	412	
--epi--
388	417	446	472	499	517	533	540	541	536	526	509	489	464	436	404	374	345	316	289	273	252	254	250	250	259	264	281	303	329	358	
457	453	446	431	413	390	356	327	296	269	235	217	197	177	164	155	154	163	175	198	220	256	282	306	345	372	394	418	436	449	455	
---Frame 5---
--endo--
365	396	425	449	474	479	473	456	431	402	372	344	316	292	275	272	274	285	309	336	
404	403	395	384	344	308	283	264	242	229	227	237	252	281	307	339	368	385	403	412	
--epi--
387	415	444	470	499	517	533	540	541	536	526	509	489	464	436	404	374	345	316	286	273	254	254	245	250	259	264	281	302	328	357	
455	452	445	430	411	388	352	324	298	271	234	217	196	177	163	154	149	160	172	198	217	258	282	301	348	372	394	417	436	449	454	
---Frame 6---
--endo--
360	396	424	444	474	475	469	456	431	402	372	344	316	292	275	272	274	285	309	336	
399	402	394	386	341	306	278	261	239	224	224	235	251	285	309	341	368	385	404	413	
--epi--
386	414	443	469	498	517	533	540	541	536	526	509	489	464	436	404	374	340	311	286	271	256	254	243	245	259	264	281	301	327	356	
453	450	443	428	410	384	356	319	298	272	235	217	194	172	161	152	151	161	172	198	218	257	283	296	343	373	394	417	436	449	453	
---Frame 7---
--endo--
360	393	422	443	473	474	469	456	431	402	372	344	316	292	275	274	274	285	308	334	
395	400	392	381	339	309	278	258	235	222	221	232	249	286	311	338	368	387	404	412	
--epi--
384	413	442	464	497	516	533	540	541	536	526	509	485	464	436	404	374	338	309	285	270	257	254	243	243	259	264	281	300	326	354	
452	449	441	425	409	383	354	318	301	272	230	216	189	170	160	151	150	159	167	199	218	257	282	300	338	373	396	421	436	450	452	
---Frame 8---
--endo--
364	392	421	443	474	473	467	456	431	402	372	344	316	292	275	273	274	284	307	329	
390	398	391	381	339	307	277	255	234	217	220	232	247	286	312	339	368	387	404	413	
--epi--
383	412	441	460	496	515	533	540	541	536	526	509	485	460	435	404	374	338	309	285	268	255	254	243	243	259	264	279	295	321	353	
450	447	440	426	407	382	358	321	301	269	228	211	184	165	156	146	145	158	168	199	219	261	282	304	333	373	394	421	440	445	450	
---Frame 9---
--endo--
359	391	420	447	469	476	467	456	431	399	372	344	316	292	275	273	274	284	305	329	
388	395	389	384	340	310	277	252	230	213	215	230	246	285	310	340	368	387	401	413	
--epi--
380	411	440	463	495	514	532	540	541	536	526	509	485	464	436	404	373	338	309	282	267	253	254	243	243	259	263	279	292	321	350	
447	445	439	425	406	386	358	325	301	264	228	209	181	169	155	145	142	156	166	196	216	263	284	302	328	373	393	419	444	447	445	
---Frame 10---
--endo--
358	391	420	450	467	476	468	456	431	394	368	344	316	292	275	273	274	283	304	329	
387	393	388	383	339	307	276	250	227	217	210	227	244	285	310	339	368	386	398	413	
--epi--
380	410	439	464	495	513	532	540	541	536	526	509	486	464	436	404	374	338	309	282	266	253	254	243	243	259	262	278	292	318	348	
446	443	438	425	406	387	356	324	301	262	228	208	181	166	152	142	142	154	165	193	213	263	282	299	323	373	392	419	443	446	446	
---Frame 11---
--endo--
356	389	418	448	462	474	466	454	429	392	366	339	314	290	273	271	272	281	302	327	
386	394	387	383	339	302	271	245	224	212	212	228	243	284	310	343	372	385	394	408	
--epi--
378	408	437	462	493	511	530	538	539	534	524	507	484	462	434	402	372	336	306	280	264	251	252	241	241	257	260	276	287	316	346	
444	441	437	423	405	387	356	322	301	257	223	203	180	161	147	138	139	152	166	192	213	264	282	298	318	374	391	417	438	441	442	
---Frame 12---
--endo--
356	389	416	448	462	474	466	454	429	392	364	338	314	290	273	271	272	281	302	327	
390	393	385	382	334	297	266	244	222	211	212	227	241	284	308	347	376	382	391	403	
--epi--
377	406	436	461	492	511	530	538	539	534	524	507	479	462	434	402	372	336	306	280	264	251	252	240	240	257	260	276	282	316	347	
442	440	437	423	404	384	355	324	296	256	220	198	175	159	146	138	140	150	163	189	214	266	281	298	313	373	387	416	433	436	438	
---Frame 13---
--endo--
355	387	415	446	465	474	466	454	429	392	363	339	314	290	273	274	272	281	302	327	
394	394	384	378	329	292	261	246	224	211	211	226	240	284	307	351	376	379	389	401	
--epi--
375	405	434	459	490	509	530	538	539	534	524	507	477	462	433	402	372	336	307	280	261	246	252	241	240	257	260	276	280	316	347	
439	439	435	422	405	386	352	325	295	251	220	193	171	154	142	141	140	149	159	187	218	268	278	297	308	369	385	413	430	437	438	
---Frame 14---
--endo--
353	383	413	446	460	474	466	454	429	392	358	336	314	290	273	274	272	281	302	327	
389	392	383	382	333	292	261	247	226	212	214	228	242	283	309	351	374	376	387	399	
--epi--
373	403	432	454	488	506	529	538	539	534	524	507	477	462	434	402	372	336	307	280	264	245	252	241	240	257	260	276	279	316	347	
438	438	434	419	405	388	351	326	296	249	215	193	169	152	141	139	139	147	159	189	217	264	276	295	308	364	381	411	433	440	438	
---Frame 15---
--endo--
351	382	412	444	461	474	466	454	429	392	358	335	314	285	273	273	272	281	302	326	
392	389	382	381	337	292	263	249	228	214	214	230	243	285	310	353	372	374	386	398	
--epi--
371	401	431	454	486	502	529	538	539	534	524	507	477	462	434	402	372	333	307	280	263	247	252	241	240	257	260	275	275	316	342	
436	437	433	419	404	392	346	327	299	249	213	193	168	151	141	139	137	151	162	190	218	263	277	294	308	361	379	409	428	439	433	
---Frame 16---
--endo--
355	382	411	442	464	473	464	453	427	392	358	335	314	283	273	275	272	281	302	326	
387	384	381	381	332	294	265	250	229	216	214	232	246	288	311	350	372	373	385	398	
--epi--
371	401	430	453	486	500	529	538	539	534	524	507	476	459	434	402	372	333	303	275	262	248	252	241	240	257	260	275	270	316	337	
434	436	432	420	399	391	341	327	301	251	213	196	164	151	140	138	138	154	166	194	219	262	277	293	308	363	379	409	428	439	437	
---Frame 17---
--endo--
351	382	411	441	459	472	462	452	427	391	358	330	309	283	273	276	272	281	302	327	
382	380	380	380	331	296	267	251	231	217	214	234	250	290	315	350	372	368	384	398	
--epi--
367	401	430	454	482	500	527	538	539	534	524	507	471	462	434	402	372	333	306	276	261	249	252	241	239	252	260	276	269	316	338	
429	435	432	422	394	395	341	327	301	253	213	195	163	151	139	138	139	153	164	198	218	262	276	291	308	358	379	404	428	438	440	
---Frame 18---
--endo--
349	382	411	441	463	470	466	451	426	391	353	330	308	284	273	276	272	281	302	327	
377	379	379	382	326	293	271	253	233	218	216	238	254	292	319	351	367	363	383	398	
--epi--
364	401	430	449	483	500	522	538	539	534	524	507	469	462	434	402	372	334	306	276	261	250	249	240	240	248	260	276	271	316	338	
430	435	432	417	393	398	339	329	301	254	213	194	164	151	139	139	140	154	164	195	218	263	280	287	308	353	377	404	427	433	440	
---Frame 19---
--endo--
349	382	411	441	458	465	466	450	425	392	356	328	309	285	273	277	270	281	302	327	
374	378	374	386	324	290	273	255	234	219	214	240	257	293	320	351	362	358	383	398	
--epi--
367	405	434	450	480	500	519	537	539	534	524	507	464	462	434	402	372	334	306	280	260	251	250	241	240	245	260	276	271	316	333	
429	439	435	412	393	397	339	329	296	255	215	197	164	153	142	140	139	155	166	190	219	267	281	286	308	353	372	404	427	431	438	
---Frame 20---
--endo--
351	381	407	441	454	464	466	450	420	392	352	329	310	286	273	278	272	281	302	327	
378	374	369	387	319	291	274	257	237	221	215	240	258	294	324	349	357	353	378	398	
--epi--
363	400	429	450	480	497	516	536	539	534	524	507	463	462	430	402	372	336	306	277	259	251	251	241	241	244	260	276	269	316	328	
430	437	436	413	391	400	340	328	291	255	216	200	165	155	137	141	141	153	166	194	219	271	280	284	308	354	367	404	428	431	433	
---Frame 21---
--endo--
349	376	403	439	449	462	464	448	415	390	350	327	305	284	271	276	270	279	300	325	
379	375	370	387	316	291	274	257	232	222	219	243	262	298	328	351	355	356	373	393	
--epi--
361	395	427	448	478	492	514	534	537	532	522	505	458	460	428	397	370	334	304	275	257	249	249	239	239	242	258	274	267	314	326	
427	432	431	412	389	395	344	325	286	254	215	203	169	150	136	140	140	155	167	196	223	275	280	279	303	358	368	408	423	426	433	
---Frame 22---
--endo--
349	372	401	435	445	462	464	448	410	390	350	327	304	284	271	276	265	279	300	325	
376	376	369	386	314	292	275	258	227	223	223	244	265	302	332	346	358	356	371	388	
--epi--
361	391	422	447	477	487	513	534	537	532	522	505	454	460	428	393	370	334	304	275	254	244	249	239	239	242	253	269	267	314	326	
426	429	426	411	386	390	342	322	286	254	216	203	173	152	137	141	141	154	168	199	224	270	279	274	303	355	363	403	418	421	432	
---Frame 23---
--endo--
349	372	400	438	445	462	464	447	406	390	350	327	305	284	271	276	265	275	300	325	
371	371	365	385	312	294	277	258	229	224	223	246	265	306	335	350	357	360	369	383	
--epi--
361	391	420	446	475	483	511	533	536	532	522	505	454	460	428	395	370	334	304	271	255	243	249	236	239	242	251	267	267	314	326	
423	427	423	409	385	389	343	321	286	254	217	204	177	152	138	141	142	155	166	203	224	274	277	269	303	353	358	398	413	421	433	
---Frame 24---
--endo--
347	372	398	433	445	460	464	446	406	390	350	327	305	284	271	271	268	277	300	325	
366	367	363	382	312	294	278	259	229	225	224	246	265	309	334	354	358	364	367	383	
--epi--
359	390	419	445	470	483	510	532	536	532	522	505	457	460	428	394	370	334	304	275	255	244	249	231	239	242	251	267	267	314	326	
422	427	422	407	381	390	343	321	290	255	219	206	180	154	140	141	142	154	165	200	224	273	281	266	302	348	357	393	413	425	428	
---Frame 25---
--endo--
342	372	398	432	445	459	464	446	406	390	350	327	307	284	266	269	270	278	300	325	
370	363	362	377	316	295	280	261	229	226	224	247	266	309	329	358	362	368	362	383	
--epi--
358	387	416	440	468	479	508	531	536	531	522	505	454	460	428	393	370	334	304	275	256	244	249	230	239	241	252	266	267	314	321	
420	423	423	402	379	386	343	320	294	254	223	206	180	157	140	139	142	155	167	200	223	273	285	265	306	345	358	388	413	426	423	
---Frame 26---
--endo--
342	372	398	432	445	458	464	443	406	390	350	327	308	284	264	269	270	279	295	322	
374	359	360	375	320	298	283	262	229	228	225	248	267	313	324	356	357	372	357	383	
--epi--
353	385	418	435	469	478	507	530	536	532	522	505	454	460	428	394	370	334	304	275	257	245	249	230	239	236	254	265	267	314	317	
415	427	427	400	377	389	343	321	298	258	227	205	179	158	142	142	142	153	166	200	222	272	289	265	310	340	354	387	413	426	424	
---Frame 27---
--endo--
342	367	398	432	447	456	464	441	401	390	350	323	308	284	268	269	270	279	290	317	
378	354	357	374	321	299	285	263	228	230	225	252	268	317	319	353	352	376	359	379	
--epi--
349	386	418	435	468	477	507	528	534	531	522	505	454	459	428	393	370	334	304	275	257	246	249	230	239	235	254	264	262	314	314	
414	425	431	399	380	388	342	321	301	258	228	206	180	157	142	142	141	154	167	200	221	270	289	265	314	339	353	388	413	421	423	
---Frame 28---
--endo--
342	367	398	432	445	455	463	441	402	390	350	318	308	284	271	269	270	278	291	313	
373	354	354	372	322	299	287	264	223	231	225	252	269	321	314	348	348	380	358	378	
--epi--
345	381	417	435	468	478	507	526	533	530	522	505	454	458	428	393	370	334	299	274	257	247	249	229	239	234	250	260	261	314	317	
413	424	432	398	379	389	341	316	300	258	228	205	180	154	142	142	142	154	163	201	222	269	288	266	318	335	348	389	413	418	422	
---Frame 29---
--endo--
346	368	394	431	445	455	462	441	401	389	348	317	308	284	271	269	265	277	291	313	
377	355	351	369	323	301	288	266	225	232	229	247	271	325	317	345	343	384	358	378	
--epi--
345	382	417	439	468	477	507	525	529	529	522	505	454	458	428	393	370	334	299	275	257	247	249	227	239	234	246	256	259	314	317	
414	424	432	398	382	389	341	312	298	257	228	209	180	153	142	142	144	154	160	200	223	265	288	264	320	335	347	385	410	418	419	
---Frame 30---
--endo--
348	369	394	429	445	455	457	441	402	388	347	319	308	287	271	270	262	278	291	308	
379	356	351	369	323	305	287	267	223	234	230	248	271	327	321	345	338	386	358	374	
--epi--
344	380	415	436	468	477	511	525	529	524	522	505	454	457	428	393	370	334	299	275	257	247	249	222	239	234	241	253	255	314	317	
415	427	431	397	382	389	338	313	299	254	229	212	184	153	142	142	143	156	160	201	224	265	288	261	320	335	344	389	407	418	420	
---Frame 31---
--endo--
343	365	390	424	440	450	455	437	400	386	345	317	306	285	269	268	260	276	286	303	
383	351	350	367	318	304	287	267	227	235	234	252	270	331	325	344	342	390	362	378	
--epi--
342	378	413	434	463	472	509	523	527	522	520	503	452	455	426	391	368	332	297	273	255	245	247	220	234	232	237	248	253	312	315	
410	422	426	394	377	384	337	317	299	249	227	207	184	152	142	142	142	156	160	203	228	266	290	263	315	335	348	384	402	418	421	
---Frame 32---
--endo--
339	365	388	421	436	445	453	433	400	386	345	317	301	280	269	268	260	271	286	300	
383	346	348	362	320	307	287	266	231	237	238	256	269	326	329	344	343	385	366	382	
--epi--
337	378	413	434	458	467	508	523	527	522	520	503	451	455	426	386	368	332	297	273	255	245	246	220	234	227	232	251	250	312	315	
405	417	421	393	372	384	337	319	299	248	229	210	185	153	141	139	142	156	162	204	226	270	291	263	311	339	352	379	397	418	423	
---Frame 33---
--endo--
339	364	388	420	436	443	451	432	400	386	344	317	299	280	269	268	260	269	284	301	
381	345	346	359	321	309	288	267	235	239	242	257	270	321	333	344	342	380	370	386	
--epi--
336	377	413	433	458	463	507	523	527	522	520	503	451	455	426	385	368	332	297	273	255	245	247	220	234	225	232	249	252	312	315	
400	412	416	391	368	379	338	320	299	247	229	211	186	154	143	143	141	155	162	205	225	274	291	267	311	343	355	374	392	418	418	
---Frame 34---
--endo--
341	363	387	420	436	444	449	432	399	386	344	317	299	282	269	268	255	269	282	303	
380	342	344	360	316	309	289	269	238	240	244	258	270	319	335	345	346	375	373	386	
--epi--
331	376	413	432	458	463	506	522	527	522	520	503	450	455	426	385	368	327	297	273	255	246	247	220	235	225	232	250	253	312	315	
402	412	416	389	368	381	338	320	299	247	230	211	185	154	144	144	142	150	161	207	227	278	291	271	306	347	356	374	392	418	418	
---Frame 35---
--endo--
341	358	387	420	436	444	448	432	399	386	345	317	300	284	269	268	257	269	282	304	
380	337	341	361	320	308	291	272	238	242	245	257	274	317	335	345	341	371	373	385	
--epi--
332	375	412	431	458	460	505	522	527	522	519	503	450	455	426	385	368	326	297	273	255	246	247	216	236	225	232	251	253	312	315	
399	412	416	387	367	385	338	320	298	248	230	212	183	154	145	142	143	151	159	208	227	278	290	274	305	350	359	374	392	418	416	
---Frame 36---
--endo--
342	355	386	420	436	446	448	432	399	386	345	317	302	285	264	263	257	264	282	304	
379	337	339	361	320	312	293	274	238	244	245	258	276	315	330	340	338	368	368	383	
--epi--
332	370	411	426	455	460	502	521	526	522	518	503	449	455	426	385	368	326	297	273	255	246	247	217	236	225	232	251	253	312	314	
400	416	416	383	367	387	338	321	297	249	229	213	183	155	145	142	143	150	158	208	228	278	289	273	305	350	359	374	392	417	411	
---Frame 37---
--endo--
342	356	382	420	440	446	448	432	400	386	345	312	302	285	262	261	258	267	286	305	
377	338	334	356	324	314	295	276	238	245	245	262	277	317	328	335	339	368	363	382	
--epi--
333	365	410	426	455	460	502	520	526	522	518	503	450	455	426	385	368	326	297	273	255	246	247	217	237	227	232	251	253	312	315	
404	417	416	383	367	385	338	321	296	251	230	215	184	156	147	142	143	150	157	207	227	279	288	273	305	350	359	374	392	417	415	
---Frame 38---
--endo--
341	351	382	419	443	446	448	432	404	386	345	310	303	285	262	261	259	267	289	305	
375	333	334	352	326	315	297	278	236	247	245	263	277	319	324	335	339	368	363	380	
--epi--
330	365	405	423	456	461	506	519	525	522	517	503	449	455	426	385	368	328	300	273	255	246	247	217	237	227	232	251	253	312	315	
404	418	420	381	367	386	333	321	295	252	230	216	182	156	148	142	143	154	152	207	225	279	288	273	305	350	359	374	392	416	417	
---Frame 39---
--endo--
340	346	381	417	443	446	448	432	404	386	345	310	304	285	262	261	259	264	289	306	
373	337	333	352	326	316	299	280	236	248	245	263	279	321	324	336	339	368	362	378	
--epi--
325	360	404	418	453	462	505	518	525	521	512	502	448	455	426	382	368	329	300	273	255	246	247	217	232	227	232	251	253	312	315	
399	413	422	376	367	381	331	321	294	251	228	216	184	157	148	146	143	154	152	206	227	279	287	272	307	350	359	374	392	414	417	
---Frame 40---
--endo--
343	346	379	416	443	446	448	432	404	386	345	310	304	285	262	261	259	262	284	306	
371	337	334	351	328	318	300	282	235	249	245	263	279	321	323	339	340	372	357	378	
--epi--
323	362	405	418	449	466	505	515	525	521	512	501	448	455	426	380	368	329	300	273	255	247	247	217	232	228	232	251	253	312	315	
403	411	425	377	365	378	332	325	293	252	228	213	186	157	150	150	144	154	152	208	227	277	288	271	308	350	359	374	392	414	420	
---Frame 41---
--endo--
341	344	377	413	441	441	443	427	401	384	343	308	302	283	259	256	254	257	279	304	
368	341	329	351	328	316	299	280	239	252	249	265	279	325	324	339	335	375	361	382	
--epi--
321	360	403	416	446	462	503	513	523	519	510	499	443	453	424	378	366	327	298	271	253	245	245	215	230	226	227	249	250	310	313	
399	410	420	377	362	373	331	328	292	250	223	212	181	155	147	145	144	152	155	212	229	278	287	271	307	354	361	370	387	411	415	
---Frame 42---
--endo--
341	344	377	409	438	437	441	423	396	384	343	308	302	283	259	253	257	253	277	304	
366	345	326	346	328	319	299	280	243	254	253	265	281	324	320	334	330	377	365	386	
--epi--
316	360	403	415	444	457	503	512	523	519	510	499	446	453	424	374	366	327	298	271	253	245	245	215	225	226	225	249	251	310	313	
396	411	415	376	361	368	331	332	292	252	219	212	185	156	149	142	143	151	159	216	230	278	288	270	302	358	365	365	382	411	415	
---Frame 43---
--endo--
341	342	377	408	434	437	439	423	391	380	343	308	302	283	259	253	256	253	277	308	
364	349	325	345	332	321	301	282	238	256	253	265	281	324	320	330	329	378	364	389	
--epi--
314	360	403	414	442	452	503	511	523	519	510	499	443	453	424	369	366	327	298	271	253	245	245	215	223	226	226	249	249	310	313	
398	415	410	376	359	370	331	336	291	253	219	213	184	157	150	137	143	151	163	218	231	278	288	270	297	362	369	360	377	410	416	
---Frame 44---
--endo--
341	337	377	408	434	437	439	426	389	375	343	308	302	283	258	253	254	253	276	305	
364	352	324	344	331	324	305	286	239	257	252	265	282	322	321	330	330	377	364	392	
--epi--
313	359	403	413	440	453	502	510	522	519	510	498	446	453	424	367	366	327	298	271	253	245	245	215	223	226	225	249	249	310	313	
393	413	410	375	358	374	330	336	290	254	221	212	188	159	150	133	142	149	167	216	230	277	288	270	295	363	373	359	377	409	416	
---Frame 45---
--endo--
341	337	377	407	434	437	439	430	389	375	343	308	302	283	254	253	250	253	275	305	
365	352	323	344	331	327	309	290	239	261	252	265	277	320	325	330	334	376	364	392	
--epi--
310	359	403	413	439	452	502	510	521	518	510	498	446	453	424	367	366	327	298	271	253	245	245	215	223	222	225	249	249	310	313	
390	414	410	375	355	370	330	336	286	253	223	213	189	160	151	134	142	147	167	218	229	276	288	271	295	365	374	359	377	408	415	
---Frame 46---
--endo--
341	337	377	407	438	437	439	430	389	372	343	307	302	283	257	253	250	253	275	307	
365	351	324	344	335	327	312	294	240	257	248	264	272	319	320	330	338	374	362	391	
--epi--
311	359	403	413	439	447	501	509	521	518	510	497	442	453	424	369	366	327	298	271	253	245	245	215	227	220	229	249	251	310	313	
394	411	410	373	353	365	329	336	286	255	227	213	186	162	152	133	141	147	167	220	224	276	287	271	299	365	372	363	377	408	416	
---Frame 47---
--endo--
341	337	377	407	441	437	439	430	385	376	343	306	302	283	256	252	251	253	275	310	
365	351	323	343	337	327	312	295	243	258	247	264	275	315	315	326	342	372	361	389	
--epi--
310	359	403	413	437	446	501	508	520	517	510	497	441	453	424	366	366	327	295	271	252	245	245	215	230	219	224	249	251	310	313	
391	408	410	372	355	365	329	334	285	254	230	214	186	162	153	133	140	146	167	222	220	280	289	266	299	365	371	359	377	408	417	
---Frame 48---
--endo--
341	340	377	407	442	437	439	430	383	374	343	304	302	283	257	252	250	253	275	306	
365	350	323	343	340	327	313	296	241	253	251	265	276	313	310	324	344	373	360	392	
--epi--
308	359	403	413	437	447	500	504	515	517	510	496	440	453	424	366	366	327	290	271	251	245	245	215	226	219	223	249	251	310	313	
387	405	410	371	355	363	329	336	283	256	231	214	186	163	154	135	139	146	171	222	220	281	288	262	295	365	368	359	377	409	418	
---Frame 49---
--endo--
341	335	377	407	439	437	439	430	385	373	343	299	300	283	257	249	250	253	275	310	
365	346	323	343	336	327	313	297	243	257	255	269	277	313	308	319	341	369	359	390	
--epi--
304	358	403	413	439	447	499	505	514	517	510	496	440	453	423	366	366	327	289	271	253	245	245	215	225	219	223	245	248	310	313	
385	409	410	370	354	362	330	336	284	257	232	216	186	164	154	135	140	146	171	226	222	280	286	257	293	365	363	359	377	410	418	
---Frame 50---
--endo--
341	335	377	407	438	437	439	430	385	371	343	299	297	280	252	248	250	253	275	306	
367	341	324	344	337	331	315	297	243	254	259	271	281	311	303	319	339	373	363	391	
--epi--
308	358	403	413	439	451	499	504	509	517	510	491	440	453	418	366	366	327	287	271	257	245	245	215	220	219	224	240	243	310	309	
389	411	410	365	349	365	334	331	283	257	233	219	188	164	152	135	139	142	171	230	219	277	290	252	289	365	359	356	376	412	414	
---Frame 51---
--endo--
339	333	375	405	436	432	434	428	383	369	341	297	295	276	247	243	248	251	270	301	
368	345	323	348	336	335	319	301	247	258	260	271	281	306	298	322	338	368	358	386	
--epi--
306	356	401	411	437	449	497	502	507	515	508	489	438	451	416	364	364	325	285	269	255	243	243	213	218	217	221	238	241	308	307	
393	413	405	363	351	360	337	335	278	253	228	214	189	163	151	134	138	144	173	225	222	277	290	252	286	369	354	356	371	412	414	
---Frame 52---
--endo--
339	328	375	401	431	428	430	423	382	369	341	297	293	274	248	239	247	251	270	301	
368	349	323	352	339	335	321	305	251	261	261	271	280	304	293	320	337	363	353	381	
--epi--
306	356	401	411	437	444	496	502	507	515	508	489	438	451	416	364	364	325	285	264	255	243	243	213	214	217	221	238	241	308	307	
395	412	402	363	349	355	341	339	273	254	226	209	190	163	153	135	139	140	176	220	222	278	290	256	281	372	349	354	366	412	414	
---Frame 53---
--endo--
339	328	375	403	431	428	430	427	381	369	341	297	291	272	247	239	244	251	269	302	
370	350	324	355	341	336	322	309	255	263	262	270	280	305	290	317	341	358	349	376	
--epi--
306	356	401	411	437	442	497	503	507	515	508	489	438	451	415	364	364	325	285	265	255	242	242	213	211	216	220	237	241	308	307	
395	407	400	364	349	351	344	343	268	255	226	204	191	164	154	136	140	144	176	218	224	276	292	258	276	373	349	354	366	412	416	
---Frame 54---
--endo--
339	330	375	406	432	428	430	427	376	369	341	295	288	274	250	239	248	249	267	304	
371	352	324	356	343	340	324	310	258	264	263	273	283	309	291	314	345	358	353	377	
--epi--
306	356	401	411	437	441	497	503	507	515	508	489	438	451	410	364	364	325	285	261	255	241	241	213	209	216	221	237	241	308	307	
397	402	395	366	350	352	341	343	268	257	227	205	193	163	150	137	141	143	178	213	228	276	296	258	271	377	353	354	369	414	420	
---Frame 55---
--endo--
337	330	375	406	431	428	430	427	375	369	340	294	288	271	250	241	248	244	266	304	
375	354	326	357	346	342	326	312	260	267	266	275	284	308	289	309	344	358	355	377	
--epi--
308	356	401	411	437	441	497	502	507	515	508	489	437	450	409	364	364	325	285	261	255	239	241	211	204	216	222	232	241	308	307	
401	403	395	370	353	353	338	346	268	257	228	205	191	163	153	137	143	141	179	213	229	278	300	259	272	378	354	354	366	415	424	
---Frame 56---
--endo--
332	327	375	408	431	428	430	427	371	369	338	292	288	271	249	239	248	241	266	303	
377	356	326	356	348	344	327	312	262	269	268	276	286	309	288	310	339	355	359	379	
--epi--
308	356	401	406	437	441	497	503	507	515	508	489	437	450	409	364	364	325	285	258	252	243	241	213	203	217	222	231	241	308	307	
401	403	399	374	356	352	340	343	268	256	228	208	193	167	155	141	145	144	178	212	230	282	301	258	272	373	352	350	364	416	428	
---Frame 57---
--endo--
332	331	375	407	431	428	430	427	369	369	336	288	286	271	247	239	248	240	266	304	
378	356	329	358	350	348	328	312	260	269	271	278	289	306	288	310	338	355	363	379	
--epi--
308	356	401	404	437	441	497	503	507	515	508	489	437	450	410	364	364	325	285	260	251	243	240	212	207	217	221	231	240	308	307	
401	403	401	378	358	353	342	343	268	256	229	206	194	171	158	143	148	148	179	211	234	285	297	262	272	369	348	354	365	416	432	
---Frame 58---
--endo--
332	333	375	411	432	428	430	428	369	369	331	284	286	271	242	239	244	238	266	304	
380	356	331	355	351	352	330	312	257	269	268	282	284	306	285	308	342	354	367	379	
--epi--
308	356	401	406	437	441	497	503	507	515	508	489	436	450	410	367	363	325	285	256	251	242	243	212	210	212	221	231	239	308	307	
401	403	403	380	361	351	346	344	268	256	230	204	196	175	161	147	150	149	181	212	234	287	295	263	273	370	344	353	369	417	436	
---Frame 59---
--endo--
332	335	370	410	429	425	430	428	368	373	332	284	286	271	241	239	241	233	266	304	
384	354	335	357	352	355	330	312	256	265	266	280	285	301	284	304	346	351	371	379	
--epi--
309	356	401	409	432	441	498	503	507	515	508	489	435	450	409	365	363	325	285	259	255	243	243	212	208	210	220	231	239	308	307	
401	404	404	380	362	351	346	344	268	256	231	205	197	176	160	147	152	151	183	212	234	286	294	262	272	374	344	357	372	417	440	
---Frame 60---
--endo--
331	334	368	412	429	422	430	428	368	370	332	285	286	271	237	235	241	231	266	304	
386	354	339	356	352	352	330	312	257	266	267	276	285	296	285	299	346	355	375	380	
--epi--
307	360	396	410	431	438	498	503	507	514	508	489	434	449	409	364	365	325	285	259	255	247	239	213	208	210	219	233	239	308	307	
402	402	406	380	363	349	346	343	268	253	230	205	196	180	161	148	153	151	185	211	234	290	289	261	272	378	344	361	375	417	444	
---Frame 61---
--endo--
329	332	363	410	427	420	428	426	366	368	330	283	284	269	233	230	239	226	261	302	
386	351	334	360	353	348	332	316	261	270	271	278	286	296	289	294	346	359	378	378	
--epi--
305	358	394	408	429	436	496	501	505	512	506	487	432	447	407	362	363	323	283	254	253	243	237	211	206	208	214	231	237	306	305	
401	406	409	381	364	344	350	347	263	248	227	204	197	179	163	150	156	152	188	215	235	290	286	263	270	381	342	363	379	421	439	
---Frame 62---
--endo--
329	332	359	410	427	416	428	426	366	363	330	282	284	264	234	226	239	226	261	297	
385	351	329	364	352	343	334	320	265	274	275	282	286	292	293	289	350	359	382	379	
--epi--
300	358	394	403	429	436	491	501	505	512	506	487	431	447	406	362	362	323	283	252	253	241	237	211	206	203	213	226	237	306	305	
403	410	410	385	366	341	354	351	258	247	228	204	199	181	164	152	160	154	191	219	237	285	285	262	271	376	342	358	380	420	434	
---Frame 63---
--endo--
329	332	359	410	427	418	428	421	366	360	329	280	280	262	233	226	239	229	261	295	
384	352	324	366	351	342	335	318	269	271	279	285	285	287	297	284	354	363	386	383	
--epi--
297	358	394	402	424	436	486	501	505	512	506	487	430	446	404	361	361	322	283	256	253	240	237	211	206	201	213	224	233	306	300	
407	412	410	389	369	341	351	355	253	246	227	204	200	182	166	154	163	156	194	223	237	282	287	263	272	371	341	355	376	421	429	
---Frame 64---
--endo--
329	332	359	410	424	420	428	418	366	355	328	280	277	262	234	223	239	233	262	295	
384	352	324	366	346	342	334	313	272	270	282	287	289	282	300	281	358	367	390	387	
--epi--
296	358	394	405	422	431	481	501	505	512	506	487	429	444	403	360	360	320	283	256	253	240	237	211	201	201	213	224	234	306	297	
411	412	411	393	373	341	355	358	253	247	226	204	201	182	167	155	165	158	196	226	240	283	289	263	269	372	341	356	377	421	433	
---Frame 65---
--endo--
329	332	359	405	420	415	428	418	366	356	327	278	277	258	234	218	239	234	262	295	
382	356	324	365	341	337	332	312	272	270	282	288	293	278	300	281	360	366	390	391	
--epi--
293	358	389	408	426	429	477	501	505	512	506	487	429	441	401	359	355	321	283	256	253	244	234	210	199	201	213	225	234	306	293	
411	415	409	395	372	342	353	358	253	247	226	199	205	184	168	155	160	159	197	226	241	282	291	264	267	373	345	354	378	421	431	
---Frame 66---
--endo--
329	329	363	406	420	411	428	418	366	357	322	274	281	256	234	221	239	234	263	295	
386	356	324	369	338	334	329	312	272	272	277	285	297	279	300	279	360	366	390	395	
--epi--
294	358	384	408	429	429	476	501	505	512	506	487	429	440	400	354	352	325	278	256	253	245	235	210	199	201	213	225	235	306	289	
415	419	412	395	371	342	356	358	253	247	229	203	206	185	170	158	162	163	200	226	244	281	288	264	267	374	346	354	377	419	429	
---Frame 67---
--endo--
329	330	359	410	416	412	426	419	364	354	320	274	284	258	234	221	239	236	262	295	
390	359	324	371	335	335	324	310	272	270	274	287	300	278	300	279	360	365	390	395	
--epi--
294	358	379	403	424	429	478	501	505	512	506	483	430	440	400	352	353	324	276	254	253	245	235	210	199	201	213	226	237	306	293	
419	423	411	390	372	337	355	362	253	249	230	204	210	188	171	160	162	163	200	226	239	277	286	263	262	376	346	353	378	423	432	
---Frame 68---
--endo--
328	325	356	405	419	412	427	420	364	351	318	276	284	257	229	218	239	236	257	295	
394	358	320	375	336	335	321	307	272	273	275	282	300	276	296	281	358	366	385	395	
--epi--
291	358	379	401	422	428	482	501	505	512	506	483	430	441	400	350	353	324	280	253	253	245	236	211	199	201	214	225	237	306	292	
416	427	411	387	376	332	354	366	253	249	230	205	211	190	172	159	162	164	200	226	235	276	288	262	257	378	346	357	379	426	434	
---Frame 69---
--endo--
327	323	351	405	419	416	428	422	364	349	321	274	284	257	230	222	239	235	260	295	
396	360	320	379	336	337	319	305	272	272	270	283	295	277	295	280	358	367	384	395	
--epi--
294	358	382	401	422	427	486	501	505	512	506	483	434	445	400	353	353	324	283	253	253	245	237	211	194	201	215	224	237	307	293	
419	431	409	391	378	331	349	367	253	248	231	205	209	194	173	158	162	163	200	226	234	276	289	264	253	380	345	361	376	429	434	
---Frame 70---
--endo--
327	320	355	400	415	420	428	424	367	353	325	271	283	257	233	224	239	231	258	295	
397	361	319	380	331	337	315	300	269	267	272	284	294	277	298	280	361	369	384	395	
--epi--
291	358	377	401	423	425	481	501	505	512	506	483	435	447	400	353	353	324	283	252	253	245	236	206	191	201	215	224	237	307	293	
414	434	406	388	378	333	351	371	253	248	233	202	208	198	173	156	160	163	198	230	236	276	286	268	255	380	346	365	375	429	434	
---Frame 71---
--endo--
325	318	350	398	410	418	426	422	365	351	323	269	281	255	230	219	237	226	256	293	
398	364	314	384	329	332	310	295	264	266	267	279	291	277	302	280	363	373	388	390	
--epi--
289	356	373	396	418	423	479	499	503	510	504	481	433	445	398	351	351	322	281	247	251	243	234	204	189	196	213	222	235	305	291	
418	438	401	385	382	330	355	375	248	245	232	202	212	200	172	157	160	158	196	234	236	276	286	267	259	375	348	369	379	431	429	
---Frame 72---
--endo--
325	318	346	393	411	418	426	422	365	351	323	269	281	255	229	215	237	222	256	293	
399	365	309	379	327	327	305	291	259	262	262	274	286	275	306	275	367	377	390	390	
--epi--
284	356	373	395	415	423	479	499	503	510	504	478	433	445	398	351	351	322	281	250	250	243	234	204	189	191	210	222	230	305	291	
413	442	398	385	386	326	359	379	243	244	231	201	211	198	171	158	160	156	192	233	238	276	286	262	254	370	346	372	376	432	424	
---Frame 73---
--endo--
325	313	346	391	406	418	426	422	365	351	323	269	281	255	229	219	237	222	256	293	
402	362	304	378	322	322	301	286	254	257	257	271	281	277	310	270	371	381	390	392	
--epi--
281	356	373	392	414	423	479	499	503	510	504	479	428	445	398	351	351	317	279	248	250	243	234	204	189	191	210	222	232	305	290	
417	446	401	386	390	325	363	383	238	242	228	201	209	193	171	156	157	157	192	230	235	276	286	258	255	370	346	372	376	431	422	
---Frame 74---
--endo--
325	309	341	391	408	418	426	422	365	351	323	269	281	255	226	222	236	222	256	293	
403	364	299	381	317	322	300	281	249	252	252	266	276	277	313	267	375	384	390	394	
--epi--
281	356	373	392	414	423	479	499	503	510	504	480	423	445	398	351	351	317	279	250	246	243	234	204	189	191	210	222	233	305	290	
421	450	402	390	393	324	367	387	238	240	225	202	213	197	169	151	153	155	187	229	234	275	286	259	255	370	345	372	371	432	421	
---Frame 75---
--endo--
325	306	337	391	404	418	426	422	365	351	323	269	281	255	226	222	236	222	256	293	
405	368	294	382	312	322	300	277	244	247	247	261	271	274	313	265	376	384	387	396	
--epi--
278	356	372	392	414	418	479	499	503	510	504	480	418	445	398	351	351	317	274	245	244	243	234	204	189	191	211	222	233	305	290	
423	454	403	394	393	319	371	391	238	238	224	202	213	197	168	150	152	155	184	224	230	270	285	259	255	370	344	370	372	433	422	
---Frame 76---
--endo--
325	306	333	391	401	413	426	422	365	351	323	269	281	255	229	222	237	222	256	293	
405	372	297	382	310	317	297	275	239	242	242	256	266	278	313	265	380	384	384	397	
--epi--
281	356	373	392	414	413	479	499	503	510	504	480	413	445	398	350	350	321	273	243	244	243	234	204	189	191	211	222	232	305	289	
421	458	403	398	393	314	375	395	238	236	222	201	209	198	166	146	148	157	180	219	227	274	285	259	256	370	344	369	372	435	421	
---Frame 77---
--endo--
325	308	335	395	397	409	426	422	364	351	323	269	281	255	229	222	237	222	256	293	
407	373	295	377	306	316	295	274	234	237	237	251	263	278	313	267	384	384	379	397	
--epi--
278	356	373	392	414	412	479	499	503	510	504	481	408	444	398	351	350	322	271	243	244	243	234	204	189	191	210	222	235	305	289	
423	462	406	402	393	314	379	399	238	233	218	200	208	197	167	144	146	156	180	215	222	270	286	259	255	370	344	369	376	436	422	
---Frame 78---
--endo--
329	304	337	398	393	404	426	422	363	351	323	269	276	255	229	222	237	222	256	293	
410	375	294	377	310	318	293	273	231	232	232	246	263	278	313	271	388	384	374	398	
--epi--
281	356	368	392	414	407	474	499	503	510	504	481	405	439	398	346	349	322	272	240	244	243	234	204	189	191	210	222	235	309	288	
419	466	410	403	393	309	383	402	238	233	218	198	209	201	167	143	145	152	179	213	221	270	286	258	255	370	343	369	378	440	420	
---Frame 79---
--endo--
330	304	333	398	392	407	426	422	363	351	323	269	272	255	230	222	232	226	256	293	
409	375	297	372	311	317	292	271	230	230	231	243	267	278	310	275	392	388	369	399	
--epi--
281	356	368	392	414	405	469	499	503	510	504	481	401	438	398	343	348	317	273	240	243	242	234	204	189	191	210	222	235	306	283	
418	466	410	403	393	309	385	403	238	233	218	199	210	196	168	139	145	147	181	213	219	270	288	258	253	370	342	369	377	441	424	
---Frame 80---
--endo--
330	304	333	398	395	409	426	422	363	351	323	267	269	254	231	222	227	228	256	293	
409	372	297	376	307	316	292	271	229	228	231	243	271	279	308	278	395	392	364	400	
--epi--
281	356	369	392	414	405	466	499	503	510	504	481	401	442	398	341	343	313	270	240	243	242	234	204	189	191	209	222	235	306	281	
417	467	412	403	393	309	386	403	238	233	218	198	210	191	166	139	142	145	180	213	219	270	289	258	252	370	343	369	377	441	420	
---Frame 81---
--endo--
328	302	328	396	393	404	424	420	361	349	321	265	267	252	227	220	225	226	254	291	
411	371	292	378	309	320	287	266	230	231	232	247	269	279	307	279	390	396	363	401	
--epi--
279	354	364	387	409	403	464	497	501	508	502	479	399	440	396	339	341	311	268	235	241	240	232	202	187	189	207	220	233	304	279	
417	470	412	407	397	304	390	407	233	228	213	199	205	189	168	143	144	149	178	217	218	270	290	259	254	370	344	370	377	438	421	
---Frame 82---
--endo--
328	302	324	396	389	401	424	420	361	349	321	265	267	252	226	220	220	226	254	291	
411	372	287	379	313	324	282	263	230	231	233	251	269	280	307	279	385	400	363	401	
--epi--
279	354	365	386	405	403	464	497	501	508	502	479	399	440	396	339	341	311	268	231	241	240	232	202	187	189	207	220	233	304	279	
417	472	414	411	401	299	394	411	228	227	210	201	200	187	166	144	145	148	179	212	218	270	290	260	254	371	344	370	378	439	421	
---Frame 83---
--endo--
328	302	324	396	393	404	424	420	361	349	321	265	266	252	224	220	218	224	254	291	
413	372	282	380	317	326	278	263	230	232	233	255	269	280	311	279	380	404	364	401	
--epi--
279	354	365	381	407	401	466	498	501	508	502	479	399	440	391	339	341	311	268	231	241	240	232	202	187	189	207	220	233	304	279	
418	472	415	412	405	294	398	415	223	222	211	200	198	184	170	142	144	148	180	207	218	271	290	262	254	370	344	370	379	438	421	
---Frame 84---
--endo--
328	302	323	396	390	407	424	420	361	349	321	265	266	251	223	220	215	222	254	291	
413	373	280	380	312	330	277	261	231	232	233	258	270	280	314	277	378	407	364	402	
--epi--
279	354	366	380	408	396	465	498	501	508	502	479	398	440	389	339	341	311	268	231	241	239	232	202	187	189	207	220	233	304	279	
419	472	416	408	407	289	399	415	223	220	214	199	195	182	174	144	146	147	180	202	216	271	290	262	254	370	343	370	381	438	423	
---Frame 85---
--endo--
328	302	320	396	386	411	424	415	361	349	321	265	265	251	222	220	215	218	254	291	
414	374	280	381	308	328	277	256	231	233	234	258	272	282	315	275	378	411	363	402	
--epi--
279	354	365	377	410	392	464	500	501	508	502	479	398	440	389	339	341	307	268	231	241	238	232	202	187	189	207	220	233	304	279	
419	473	417	410	408	289	403	415	223	221	216	199	196	180	178	143	145	149	180	200	215	273	290	263	254	371	343	370	385	438	426	
---Frame 86---
--endo--
328	302	318	396	389	406	424	411	361	349	321	265	264	250	222	220	217	217	254	291	
415	375	280	379	310	331	276	254	232	234	235	258	272	283	319	275	378	412	362	403	
--epi--
279	349	366	378	410	387	464	498	501	508	502	479	399	439	392	337	338	311	268	229	240	237	232	202	187	185	207	218	232	304	279	
420	472	418	413	408	284	407	415	223	219	215	199	195	179	173	145	147	151	181	195	212	274	285	264	254	371	343	374	385	442	428	
---Frame 87---
--endo--
328	302	318	396	386	405	424	408	361	349	317	264	264	249	222	220	217	217	254	291	
415	376	280	381	306	331	275	252	232	234	237	258	267	282	321	276	378	412	361	404	
--epi--
279	344	367	380	412	385	464	493	501	508	502	479	394	435	391	336	341	311	268	225	238	236	231	202	187	184	203	218	232	304	280	
421	470	421	413	408	285	411	410	223	218	213	199	190	181	172	145	150	152	183	196	212	274	282	264	254	371	344	375	385	441	432	
---Frame 88---
--endo--
328	302	314	396	390	407	424	403	361	344	313	264	263	248	222	218	214	214	254	291	
416	377	279	382	302	326	274	247	233	237	233	258	267	280	323	275	378	411	361	405	
--epi--
279	339	367	381	412	385	464	488	501	508	502	479	390	434	389	334	344	311	268	228	238	235	231	202	187	184	203	218	233	304	280	
422	474	422	415	408	285	415	406	223	219	211	199	192	179	176	146	154	153	183	196	213	276	283	265	254	372	343	374	383	441	432	
---Frame 89---
--endo--
328	302	317	396	393	403	424	403	357	339	308	263	263	248	222	217	209	213	253	291	
416	378	282	385	297	321	275	247	233	232	236	258	270	284	323	275	375	411	363	407	
--epi--
279	334	368	385	412	384	464	488	501	508	502	479	387	435	389	338	344	312	268	227	239	235	230	202	187	187	202	217	232	304	280	
423	474	425	410	408	288	419	406	223	222	215	197	191	177	176	149	155	157	184	197	217	276	285	266	254	376	343	375	383	442	432	
---Frame 90---
--endo--
328	302	316	393	389	407	424	402	352	338	308	262	263	248	222	216	206	213	252	291	
416	379	282	384	293	324	275	247	232	233	236	258	270	286	323	275	379	412	364	408	
--epi--
279	334	370	386	412	385	464	488	501	508	502	474	387	432	393	341	345	312	268	229	239	234	230	202	187	187	206	218	231	304	280	
424	473	424	405	408	285	419	407	223	223	214	200	192	174	177	151	153	157	185	196	215	277	285	267	254	377	338	375	383	442	432	
---Frame 91---
--endo--
326	300	311	391	387	403	422	400	350	336	306	260	261	246	217	214	204	208	250	289	
415	379	277	386	295	319	270	251	236	237	240	262	271	288	323	276	377	416	366	409	
--epi--
277	332	365	384	410	383	462	483	499	506	500	472	385	430	389	339	343	310	266	226	237	232	228	200	185	185	204	216	229	302	278	
425	468	422	400	409	280	423	402	218	218	210	195	189	178	172	150	150	156	185	197	217	278	285	268	258	377	339	375	383	444	434	
---Frame 92---
--endo--
326	300	313	391	387	405	422	400	345	331	306	260	261	246	215	214	204	203	250	289	
416	380	272	390	299	323	269	255	235	240	242	264	272	289	324	276	376	415	366	410	
--epi--
277	327	366	384	410	383	462	478	499	506	500	472	385	430	389	339	343	310	266	226	237	232	228	200	185	185	204	216	229	302	278	
426	466	426	397	411	275	427	397	215	216	210	190	193	182	172	152	153	158	188	197	218	279	288	269	261	376	339	376	383	443	435	
---Frame 93---
--endo--
326	300	313	391	386	405	422	400	342	328	306	260	261	246	217	214	202	199	250	289	
416	381	270	388	295	325	269	255	236	237	243	265	272	289	328	277	375	417	366	411	
--epi--
277	323	365	382	410	378	463	478	499	506	500	472	381	425	389	336	343	310	266	224	237	232	228	200	185	185	204	216	229	302	278	
427	463	428	401	415	273	431	395	213	215	210	185	193	186	172	153	154	159	189	197	217	279	288	270	261	377	339	376	383	442	435	
---Frame 94---
--endo--
326	300	313	391	381	402	422	400	337	325	306	260	261	246	215	213	202	199	250	289	
416	382	270	392	299	329	268	256	238	239	243	266	272	290	332	276	377	416	365	412	
--epi--
277	319	360	384	410	382	463	478	499	506	500	472	381	424	391	339	343	310	266	224	232	232	228	200	185	185	204	216	229	297	278	
428	465	428	403	419	268	431	397	214	216	210	185	197	190	170	157	156	163	191	196	221	274	288	270	261	377	339	376	383	437	436	
---Frame 95---
--endo--
326	300	313	391	385	405	422	400	339	326	306	260	261	246	215	211	202	199	250	289	
417	382	271	390	298	333	267	255	238	237	243	269	273	292	334	271	375	416	364	413	
--epi--
277	314	360	384	409	378	463	478	499	506	500	472	382	424	390	334	343	310	266	224	234	232	228	200	185	185	204	216	228	294	278	
428	463	426	403	423	263	432	392	215	216	210	185	201	194	174	158	155	165	190	197	223	274	289	270	261	377	339	375	383	432	436	
---Frame 96---
--endo--
326	300	313	391	387	400	418	395	342	323	306	260	261	246	214	213	202	199	249	289	
417	383	272	394	296	332	267	252	236	239	243	269	273	294	334	266	378	416	368	413	
--epi--
277	315	360	384	410	375	463	478	499	506	500	472	378	420	390	335	343	310	266	226	234	232	228	200	185	185	204	216	228	292	278	
428	461	427	406	423	266	433	392	216	217	211	185	204	198	174	158	156	165	194	192	222	274	291	269	261	377	338	373	383	432	435	
---Frame 97---
--endo--
326	300	309	391	387	404	418	395	342	322	306	260	261	246	213	213	201	199	248	289	
419	384	274	398	300	336	267	254	236	237	243	269	273	294	335	261	378	416	372	414	
--epi--
277	315	360	384	410	374	464	476	499	506	500	469	382	416	391	335	343	310	266	230	230	232	228	200	185	185	204	216	228	293	278	
429	461	426	410	427	265	431	390	217	216	210	185	208	194	177	157	157	160	189	188	226	274	291	269	261	377	338	372	384	427	435	
---Frame 98---
--endo--
326	300	313	391	387	401	418	394	339	317	310	260	260	246	213	212	201	200	248	289	
418	384	271	399	300	337	268	251	237	240	247	269	273	295	335	260	378	420	372	414	
--epi--
277	315	357	379	410	373	464	478	499	506	500	464	377	420	391	335	343	310	266	230	230	231	228	200	185	185	204	216	227	293	278	
429	461	430	414	427	266	431	391	216	215	211	182	212	195	176	156	155	159	185	187	230	276	292	269	260	377	337	375	385	427	436	
---Frame 99---
--endo--
326	300	314	386	387	400	418	394	336	317	309	260	260	245	213	212	201	198	248	289	
419	385	269	403	304	334	268	253	236	240	249	269	273	295	338	260	379	421	372	414	
--epi--
277	315	360	377	410	374	464	478	495	506	496	463	375	420	391	339	343	310	266	230	230	231	232	200	185	185	204	216	227	293	278	
429	461	432	418	428	265	432	390	211	214	206	181	211	194	175	152	156	163	187	187	226	276	296	268	255	377	337	375	384	427	436	
---Frame 100---
--endo--
326	300	314	384	387	404	419	394	336	317	309	260	260	245	213	211	201	197	248	289	
419	385	269	407	303	332	267	253	236	241	248	270	274	296	338	260	379	419	372	415	
--epi--
277	315	360	377	410	371	465	478	491	506	492	458	375	419	386	339	343	310	266	230	230	232	230	200	185	185	203	216	227	293	278	
429	461	430	418	431	265	431	390	213	213	204	183	211	195	178	152	154	162	188	187	227	277	299	268	255	377	338	376	384	428	435	
---Frame 101---
--endo--
324	298	309	382	382	402	417	392	334	315	307	258	258	243	211	209	199	195	246	287	
417	385	273	406	305	331	268	252	238	243	243	271	275	296	338	259	379	419	372	417	
--epi--
275	313	358	373	408	369	463	476	489	504	490	454	373	417	384	337	341	308	264	225	228	230	228	198	183	183	201	214	225	291	276	
429	456	425	419	432	269	435	387	208	213	199	186	206	198	175	153	153	162	188	191	227	279	294	268	259	377	339	376	384	430	436	
---Frame 102---
--endo--
324	298	308	377	378	399	417	392	334	315	307	258	258	243	211	209	199	195	246	287	
418	385	277	401	300	326	267	250	238	243	242	271	276	297	339	255	379	418	373	417	
--epi--
275	311	359	373	408	369	463	476	489	504	490	456	373	412	379	332	341	308	264	225	223	230	228	198	183	183	201	214	225	286	276	
429	451	421	418	433	269	435	387	203	212	197	190	205	202	179	156	154	160	190	195	222	279	293	268	261	377	339	376	384	430	436	
---Frame 103---
--endo--
324	298	309	375	382	395	417	392	334	315	307	258	258	243	211	213	199	195	246	287	
418	385	276	396	302	321	268	251	238	243	242	272	276	297	339	251	379	418	373	417	
--epi--
275	308	358	371	408	369	463	476	489	504	490	454	370	409	377	330	336	308	264	225	221	230	228	198	183	183	201	214	225	283	276	
429	446	416	417	433	269	435	388	204	210	198	189	201	198	181	156	156	160	192	199	217	279	294	269	261	377	339	376	384	434	436	