Total AVI Frames: 104
Frames Processed: 104
endoPoints: 20
epiPoints: 31
---Frame 0---
--endo--
369	400	429	452	476	486	479	458	433	404	374	346	318	294	277	269	275	287	311	339	
408	406	397	383	354	322	294	270	250	237	235	241	254	273	300	328	356	383	401	411	
--epi--
390	419	448	474	501	519	535	542	543	538	528	511	491	466	438	406	376	347	318	291	275	259	256	252	252	257	266	283	305	331	360	
457	454	446	431	411	388	361	331	301	273	243	218	196	178	166	157	155	165	177	197	218	248	276	304	333	361	391	415	434	448	455	
---Frame 1---
--endo--
368	335	364	453	479	421	478	393	368	408	309	281	253	229	279	269	270	285	246	341	
406	341	332	381	350	257	292	205	185	232	170	176	189	208	301	325	355	382	336	413	
--epi--
325	354	452	473	503	454	470	477	478	473	463	514	426	401	373	341	311	282	253	226	277	260	191	187	187	257	201	218	308	328	358	
392	389	443	428	407	323	296	266	236	208	178	214	131	113	101	92	90	100	112	132	215	246	211	239	268	359	326	350	429	446	450	
---Frame 2---
--endo--
368	339	368	456	479	424	482	397	372	408	310	282	257	233	280	273	272	287	250	340	
406	345	336	377	350	261	290	209	189	233	174	180	193	212	301	321	351	379	340	416	
--epi--
329	358	452	473	502	458	471	480	480	477	467	512	430	404	376	342	315	286	257	230	281	261	195	191	191	257	205	222	306	330	354	
396	393	442	428	407	327	300	270	240	212	182	217	135	117	104	93	94	104	116	136	213	245	215	243	272	358	330	354	431	443	448	
---Frame 3---
--endo--
371	343	372	460	479	424	477	401	376	411	314	284	261	237	279	272	272	285	254	341	
405	349	340	374	350	265	293	213	193	230	178	184	197	216	297	323	352	381	344	411	
--epi--
333	362	452	474	500	462	475	480	480	481	471	513	429	408	380	346	319	287	258	234	279	264	196	195	195	257	209	226	307	332	355	
400	397	441	430	409	331	304	274	244	216	186	214	139	121	108	97	98	107	120	140	215	244	219	247	276	358	334	358	431	442	447	
---Frame 4---
--endo--
372	347	376	462	481	428	479	405	380	414	318	288	265	241	282	272	272	289	258	341	
405	353	344	374	348	269	290	217	197	226	182	188	201	220	295	324	354	376	348	411	
--epi--
337	366	449	473	501	466	479	484	483	485	475	512	433	412	381	350	322	291	262	238	283	264	200	199	199	261	213	230	306	334	356	
404	401	443	431	409	335	308	278	248	220	190	215	143	125	112	101	102	111	124	144	215	244	223	251	280	355	338	362	432	440	447	
---Frame 5---
--endo--
373	343	374	465	482	430	479	407	382	416	316	292	266	245	286	276	276	286	257	337	
405	356	346	372	348	271	290	220	201	226	184	191	200	219	292	321	358	379	350	410	
--epi--
341	366	449	472	500	465	477	488	487	487	473	515	434	414	385	353	324	295	266	236	284	267	201	203	200	262	210	231	309	336	354	
403	402	441	428	409	337	311	282	251	222	194	215	144	124	115	105	103	112	126	146	219	242	225	251	281	354	342	361	430	437	450	
---Frame 6---
--endo--
376	341	375	460	479	426	481	405	379	419	314	290	263	249	289	279	279	288	261	339	
404	359	346	374	351	275	289	220	204	224	187	193	202	218	290	319	362	376	348	408	
--epi--
343	366	448	473	501	464	478	485	482	489	470	515	438	409	380	351	325	294	268	237	284	269	205	207	201	266	213	226	309	332	353	
402	402	441	430	409	337	310	283	255	221	196	214	144	128	119	105	103	113	124	146	219	242	223	249	280	358	339	364	430	441	450	
---Frame 7---
--endo--
379	345	377	463	479	425	479	402	380	418	316	289	263	244	289	280	280	285	256	340	
403	355	345	372	351	277	290	219	203	226	185	195	203	220	291	318	358	379	351	411	
--epi--
345	363	447	473	503	466	479	484	482	492	473	517	438	412	378	352	327	293	265	239	283	272	202	209	197	266	211	225	313	329	352	
402	404	441	430	407	336	309	283	259	219	194	214	144	126	120	106	101	114	127	145	214	240	224	249	282	361	340	366	428	445	452	
---Frame 8---
--endo--
382	348	379	463	477	424	483	399	381	413	318	290	259	244	288	284	281	284	260	340	
402	353	344	372	352	281	290	220	203	230	185	194	207	220	291	315	360	382	348	415	
--epi--
343	364	445	472	500	469	482	482	484	493	474	513	440	410	379	356	328	290	268	236	284	270	201	209	196	266	214	222	311	328	354	
402	403	445	427	409	335	308	287	260	219	196	215	142	127	122	104	101	117	124	147	218	240	224	249	284	357	338	368	430	446	449	
---Frame 9---
--endo--
384	344	376	464	477	423	487	400	381	411	321	292	258	245	292	281	281	285	261	341	
401	355	345	371	352	285	288	220	202	231	184	192	209	219	286	317	356	380	348	419	
--epi--
343	367	448	471	503	465	479	482	486	488	477	515	444	414	378	352	328	293	271	240	279	268	203	205	199	267	213	221	309	328	353	
402	402	441	430	407	337	309	287	256	220	192	218	141	125	119	104	100	114	123	145	214	241	225	249	283	358	339	371	430	445	449	
---Frame 10---
--endo--
384	345	374	459	481	422	490	397	381	414	318	289	257	243	291	276	281	287	260	342	
401	356	347	373	350	287	288	224	201	230	186	194	210	221	287	321	355	378	348	415	
--epi--
342	364	447	472	500	465	481	482	487	486	476	517	441	412	381	356	331	292	271	244	279	272	207	209	201	268	217	225	308	324	352	
402	405	443	427	409	337	309	287	252	221	193	213	142	128	119	104	100	114	122	144	215	239	221	249	282	358	337	367	430	448	449	
---Frame 11---
--endo--
319	280	309	460	416	357	425	332	381	349	321	290	261	247	294	279	283	285	261	344	
336	291	282	370	285	222	223	159	196	165	181	191	205	225	284	318	356	376	345	416	
--epi--
343	299	449	470	501	469	416	481	422	421	411	518	376	416	381	291	334	290	273	241	283	276	205	206	200	268	214	229	309	319	347	
406	340	440	425	405	333	244	285	187	156	128	212	77	125	116	39	102	116	120	148	210	236	220	246	279	355	334	364	427	448	444	
---Frame 12---
--endo--
323	284	313	462	416	359	429	336	385	350	323	293	260	246	296	283	278	286	264	341	
340	295	286	367	289	226	227	163	192	168	178	187	207	229	288	322	353	376	343	413	
--epi--
343	303	450	470	502	473	417	483	424	425	415	521	380	417	383	291	334	290	268	236	283	279	205	205	202	268	213	226	307	321	347	
404	344	439	424	405	329	248	285	191	160	132	212	81	123	113	39	97	114	117	143	210	233	220	247	277	356	336	365	427	447	442	
---Frame 13---
--endo--
327	288	317	461	416	360	433	338	389	354	325	293	256	244	296	284	281	290	263	341	
344	299	290	368	292	230	231	167	189	172	176	187	208	224	287	321	348	372	344	413	
--epi--
342	307	450	472	503	475	421	481	424	429	419	519	378	415	382	291	336	290	272	236	282	281	205	205	204	272	214	225	307	324	346	
399	348	438	426	405	328	252	285	195	164	136	210	85	125	114	39	101	114	113	143	212	232	220	247	275	352	336	365	426	444	444	
---Frame 14---
--endo--
331	292	321	458	416	360	437	342	386	358	326	293	256	244	294	285	281	293	261	341	
348	303	294	371	293	234	235	171	191	176	175	185	207	220	284	323	349	371	345	413	
--epi--
343	311	449	471	499	476	425	481	425	433	423	518	379	415	382	291	336	291	275	237	285	280	206	205	200	270	215	225	304	320	346	
397	352	438	421	407	328	256	285	199	168	140	210	89	125	113	39	100	116	111	141	208	233	218	247	279	355	334	364	429	447	443	
---Frame 15---
--endo--
330	288	323	461	416	364	440	341	383	359	328	294	256	244	296	284	283	292	263	340	
349	307	295	369	293	238	235	174	192	178	174	184	207	224	282	318	347	373	344	414	
--epi--
345	312	445	470	501	473	426	483	425	433	427	521	383	417	384	291	336	290	270	241	287	281	205	206	203	271	216	227	303	323	346	
392	353	442	423	406	330	258	285	200	170	139	210	91	123	111	39	96	114	114	137	206	232	220	246	275	355	332	363	430	444	442	
---Frame 16---
--endo--
332	288	322	462	416	364	442	338	379	357	326	292	257	244	297	285	281	293	266	340	
348	308	295	368	292	240	235	178	196	178	175	188	206	222	282	322	351	373	343	413	
--epi--
343	312	442	470	500	471	428	417	429	431	426	524	387	419	385	291	335	290	270	238	285	280	208	206	205	275	217	230	303	323	344	
396	353	443	423	406	333	256	222	204	173	139	212	89	122	110	39	98	114	114	141	208	232	215	246	273	351	331	361	430	444	445	
---Frame 17---
--endo--
334	288	322	458	416	362	440	342	376	357	327	293	259	245	299	285	281	295	265	340	
347	309	295	371	292	242	236	173	200	179	175	187	204	226	279	319	352	371	344	413	
--epi--
341	312	439	469	504	472	428	421	432	430	427	524	387	417	384	291	337	288	270	240	286	283	208	206	207	278	214	230	303	323	343	
400	352	444	424	407	332	257	226	207	175	139	209	89	123	111	39	101	109	114	139	207	230	215	246	272	349	335	360	430	444	447	
---Frame 18---
--endo--
336	291	317	460	416	362	437	343	376	357	325	296	263	246	303	287	285	298	264	340	
346	305	298	371	296	242	238	172	200	180	177	191	201	230	276	317	348	369	345	413	
--epi--
341	312	440	468	506	476	427	421	430	430	423	524	386	419	387	291	337	291	270	239	288	279	212	205	207	278	217	232	307	322	342	
400	352	442	425	411	331	257	230	209	176	141	209	90	122	109	39	101	106	114	141	206	232	212	247	272	350	331	358	425	446	450	
---Frame 19---
--endo--
333	292	319	463	416	365	441	343	376	355	328	296	265	246	307	289	289	297	268	340	
348	305	297	370	291	238	236	173	200	183	175	193	199	234	272	321	344	370	342	413	
--epi--
342	311	444	468	504	480	424	425	430	431	424	524	389	419	388	291	337	294	273	240	291	275	211	205	207	276	221	233	304	323	342	
400	352	438	422	407	330	260	234	209	171	140	209	89	122	108	39	97	104	112	140	205	234	213	247	272	352	327	357	428	444	450	
---Frame 20---
--endo--
332	291	319	466	416	361	440	342	380	359	325	296	263	247	307	291	288	298	268	339	
348	306	297	368	295	241	237	173	195	180	179	192	200	229	274	325	346	370	342	414	
--epi--
343	311	442	467	502	481	422	424	429	428	423	452	390	416	392	291	332	294	271	243	288	277	209	205	207	279	222	228	302	327	343	
398	353	438	423	404	329	261	238	213	175	141	148	89	124	107	39	95	104	114	137	206	233	215	247	272	350	326	359	430	441	449	
---Frame 21---
--endo--
267	295	317	401	351	296	375	345	377	294	260	297	262	248	242	291	289	299	272	337	
283	303	294	303	230	176	172	168	191	115	114	187	197	230	209	322	342	368	339	412	
--epi--
344	308	444	463	506	416	357	359	429	427	358	387	388	351	393	289	336	292	271	242	290	279	209	202	205	282	221	228	299	325	339	
395	348	441	421	402	264	196	173	210	173	76	83	84	59	105	39	99	101	117	132	202	230	212	246	269	347	322	356	428	438	444	
---Frame 22---
--endo--
271	298	314	404	351	298	379	349	379	298	264	298	266	248	246	293	289	303	276	340	
286	300	297	307	234	180	176	164	188	119	117	186	193	229	213	320	343	363	336	407	
--epi--
347	306	441	462	505	420	361	363	429	428	362	391	388	355	396	289	335	291	269	242	291	280	208	204	207	285	219	229	303	329	339	
399	351	445	422	397	268	200	177	210	173	80	87	83	63	104	39	101	103	112	132	201	229	212	242	266	345	325	355	425	434	444	
---Frame 23---
--endo--
275	302	318	405	351	298	383	352	381	302	268	298	264	249	250	296	291	304	279	338	
290	297	301	311	238	184	180	162	187	123	121	186	195	228	217	318	342	363	334	409	
--epi--
349	307	438	461	501	424	365	367	429	432	366	391	388	359	399	289	334	291	273	242	292	279	212	202	206	285	219	233	300	328	337	
403	350	441	423	400	272	204	181	210	170	84	91	83	67	102	39	98	99	108	132	200	229	208	246	267	346	325	353	428	435	448	
---Frame 24---
--endo--
279	302	318	406	351	298	387	355	384	306	272	301	265	251	254	293	294	306	280	335	
294	298	302	315	239	186	184	161	185	127	125	181	195	227	221	321	339	360	334	413	
--epi--
349	308	434	460	500	428	366	371	433	436	370	395	388	363	403	289	334	291	272	240	289	279	212	205	204	285	218	232	300	326	340	
406	350	440	422	401	276	208	185	206	167	87	95	82	71	101	39	102	103	109	135	203	229	208	242	271	346	325	353	428	436	444	
---Frame 25---
--endo--
279	301	318	410	351	299	389	354	381	302	272	300	266	251	251	293	294	306	280	338	
295	300	303	318	239	190	184	160	187	131	127	181	194	227	224	321	340	361	334	408	
--epi--
350	309	436	459	503	427	370	369	429	440	368	390	388	364	402	289	335	291	273	244	290	278	215	204	205	289	218	229	301	323	344	
407	349	439	423	396	276	212	186	210	165	88	99	83	71	101	39	102	98	112	131	201	229	206	243	270	343	325	354	429	439	441	
---Frame 26---
--endo--
280	301	318	407	351	303	391	355	382	302	274	299	262	250	251	296	298	309	284	340	
295	301	305	322	239	194	183	161	187	132	126	182	196	231	223	319	336	359	331	406	
--epi--
353	309	440	458	503	425	374	368	432	442	369	390	386	363	401	289	335	292	273	246	291	281	215	208	206	288	218	228	302	323	346	
411	350	441	424	395	277	210	187	207	164	88	98	81	71	101	39	102	102	112	135	200	226	206	240	268	344	325	355	430	440	440	
---Frame 27---
--endo--
276	303	319	411	351	300	391	351	380	305	269	299	262	249	248	297	300	313	287	342	
296	300	308	317	240	197	184	163	188	129	127	182	196	231	226	319	335	357	326	404	
--epi--
278	310	438	460	502	423	374	366	429	445	365	392	385	358	403	289	335	291	272	243	290	279	217	212	206	292	218	228	303	327	342	
333	349	438	428	395	281	210	188	210	161	91	100	81	73	100	39	100	104	109	132	204	227	204	236	268	342	325	355	429	437	442	
---Frame 28---
--endo--
273	307	320	407	355	301	387	352	380	301	266	300	265	248	249	295	300	312	286	339	
298	296	310	321	244	197	186	163	188	132	128	181	195	233	226	321	336	359	330	406	
--epi--
282	313	433	463	498	423	377	365	430	441	362	392	385	362	405	289	334	292	274	247	289	280	221	212	210	296	222	231	302	325	342	
337	346	435	425	397	280	209	190	210	165	95	97	81	71	99	39	99	103	108	136	208	226	202	236	264	338	320	353	429	440	442	
---Frame 29---
--endo--
276	310	322	406	358	303	391	354	384	304	270	300	265	248	249	298	303	315	288	339	
296	292	305	321	246	196	184	162	185	129	127	181	195	231	227	319	334	356	328	407	
--epi--
285	316	431	462	494	426	377	363	434	445	366	391	387	357	409	289	335	292	274	248	289	279	223	212	211	298	224	235	303	328	340	
341	343	439	420	400	275	209	193	207	162	90	99	81	73	96	39	100	107	108	140	211	226	201	236	263	334	318	350	430	437	446	
---Frame 30---
--endo--
275	310	323	407	361	299	392	352	385	304	265	298	268	249	253	300	305	314	288	340	
297	290	300	320	244	200	184	163	185	129	130	184	193	227	222	318	332	358	326	407	
--epi--
289	314	433	460	498	423	374	363	434	441	370	391	385	359	404	289	335	292	274	249	290	275	218	211	213	297	225	233	305	332	343	
345	347	437	422	397	278	210	193	207	166	88	100	82	72	100	39	103	109	108	144	209	230	204	237	262	338	317	351	430	435	442	
---Frame 31---
--endo--
210	245	324	411	296	301	395	287	389	305	265	300	272	252	248	235	308	317	223	340	
232	225	304	317	179	201	180	98	185	130	133	180	189	231	217	253	327	353	261	403	
--epi--
224	313	436	463	493	358	377	367	435	376	371	326	387	354	339	287	339	290	209	249	293	279	219	210	209	301	223	235	307	331	341	
280	344	435	423	392	213	206	190	205	101	89	35	82	75	35	39	98	110	43	143	212	227	199	233	261	334	316	347	425	432	438	
---Frame 32---
--endo--
214	247	326	413	296	300	393	291	389	305	265	302	272	252	247	239	306	318	223	341	
236	229	299	316	183	203	182	102	187	132	135	177	189	231	218	257	329	353	265	402	
--epi--
228	313	440	458	493	362	375	370	439	380	374	326	390	349	339	282	338	291	209	249	293	276	218	214	213	305	223	232	310	331	343	
284	345	434	418	391	217	208	188	202	105	92	35	83	72	35	39	98	105	43	145	210	224	201	229	256	330	315	349	424	432	435	
---Frame 33---
--endo--
218	251	327	413	300	300	396	293	391	305	265	304	271	253	246	243	310	322	223	341	
240	233	295	316	187	206	181	106	188	130	136	175	190	234	219	261	327	349	269	402	
--epi--
231	314	443	461	491	366	375	374	442	383	371	326	391	350	339	285	336	294	209	249	293	277	221	211	211	306	227	233	312	334	346	
288	345	433	413	393	221	208	183	200	109	89	35	84	71	35	39	96	102	43	144	207	223	198	232	259	330	311	348	428	430	433	
---Frame 34---
--endo--
222	255	331	414	304	300	397	297	391	305	265	304	274	253	244	247	314	326	224	342	
244	237	290	316	191	201	180	110	187	130	137	176	186	233	223	265	323	346	273	401	
--epi--
235	315	438	460	493	370	375	375	446	387	372	326	393	354	339	287	336	294	209	249	293	281	218	215	210	306	230	236	313	338	350	
292	345	428	413	390	225	208	181	198	113	90	35	88	75	35	39	95	99	43	144	211	226	202	229	261	331	309	346	426	428	431	
---Frame 35---
--endo--
224	257	335	415	307	298	399	297	392	305	265	307	276	253	247	250	316	322	228	340	
245	239	287	314	192	196	179	112	184	132	138	172	183	233	219	266	322	350	277	403	
--epi--
234	318	434	456	495	374	377	376	447	386	376	326	389	354	339	287	336	294	209	249	293	284	218	216	213	309	233	232	316	334	347	
294	342	428	415	389	227	207	180	198	116	94	35	83	76	35	39	95	103	43	144	213	230	202	228	257	329	307	349	421	430	432	
---Frame 36---
--endo--
221	255	337	419	306	296	397	301	390	306	265	308	276	253	250	250	320	325	230	344	
247	242	286	313	192	199	180	110	188	136	138	171	183	234	215	266	326	348	281	405	
--epi--
231	320	437	458	491	378	378	374	447	386	371	326	391	354	339	287	334	294	209	250	293	286	218	216	211	307	236	232	320	335	345	
296	341	426	413	393	226	207	183	198	116	91	35	85	76	35	39	94	103	43	148	209	233	202	228	260	331	306	349	424	429	433	
---Frame 37---
--endo--
220	256	337	422	305	300	396	302	393	306	265	308	276	254	248	253	321	325	229	345	
248	240	286	311	192	203	181	110	183	133	138	171	183	238	217	265	330	349	283	406	
--epi--
229	321	435	454	492	373	381	376	448	381	374	326	388	349	339	287	336	293	209	250	291	286	218	216	215	309	236	233	319	337	342	
298	340	428	416	395	228	203	180	198	119	95	35	82	72	35	39	97	104	43	151	205	233	202	228	255	330	306	348	421	428	435	
---Frame 38---
--endo--
218	256	336	423	306	300	396	301	396	305	265	304	274	254	246	254	321	328	233	347	
249	241	288	310	192	206	181	110	180	129	136	175	186	235	220	264	334	347	279	410	
--epi--
229	321	433	453	496	375	381	374	450	383	375	326	390	349	339	287	334	293	209	250	294	285	221	217	214	313	236	236	321	336	343	
299	340	430	417	394	227	203	182	196	118	99	35	86	72	35	39	95	104	43	147	207	229	199	227	256	326	306	346	424	428	435	
---Frame 39---
--endo--
215	258	338	418	308	302	393	296	392	305	265	308	274	254	249	254	321	331	230	348	
251	240	286	312	191	207	182	113	182	130	131	171	186	230	216	264	334	351	281	410	
--epi--
231	324	433	451	497	374	381	376	453	383	377	326	387	349	339	287	333	290	209	251	296	284	223	217	217	309	236	236	319	338	346	
297	338	430	421	393	227	204	179	200	120	97	35	81	72	35	39	94	107	43	147	209	231	196	227	254	330	306	346	421	427	432	
---Frame 40---
--endo--
215	255	337	418	309	303	396	295	395	305	266	307	277	255	252	258	321	331	228	351	
251	242	287	312	191	210	181	116	184	130	135	172	182	231	213	262	333	355	284	411	
--epi--
230	324	433	453	497	378	381	376	453	379	381	326	389	349	339	287	334	293	209	251	297	283	227	218	217	311	236	232	316	336	343	
298	338	430	417	394	226	204	179	200	123	97	35	85	72	35	39	94	104	43	142	206	229	192	226	254	329	306	348	422	428	435	
---Frame 41---
--endo--
215	255	272	418	309	303	331	292	396	307	265	309	281	252	247	257	322	332	228	349	
247	240	222	309	187	206	116	119	182	131	139	167	178	226	210	260	331	352	280	408	
--epi--
234	326	430	448	496	377	382	311	388	377	316	325	393	345	337	285	329	292	206	250	297	281	228	218	215	246	171	233	316	334	339	
294	334	426	412	390	224	199	114	135	119	32	33	83	74	34	39	92	108	43	137	203	227	188	223	253	264	241	344	419	426	431	
---Frame 42---
--endo--
215	253	276	417	310	302	335	289	396	306	265	307	278	248	251	257	325	336	228	351	
247	241	226	310	185	207	120	114	182	132	137	170	180	230	205	259	328	348	280	407	
--epi--
237	325	427	445	500	381	380	315	390	375	316	325	397	342	337	280	329	292	203	254	296	279	232	218	215	250	175	233	315	334	338	
291	335	429	413	390	220	201	118	139	121	32	33	86	73	34	40	92	110	43	141	204	228	183	223	253	268	245	344	419	426	433	
---Frame 43---
--endo--
215	249	280	417	312	303	339	293	400	306	266	308	278	251	253	260	325	334	228	351	
247	241	227	309	181	206	124	118	180	135	138	167	179	227	203	255	328	351	280	407	
--epi--
240	327	427	443	497	385	380	314	391	377	316	325	395	341	337	280	330	292	198	255	300	283	231	218	215	250	179	237	315	335	337	
289	333	429	417	391	215	201	122	143	119	32	33	83	68	34	40	94	109	43	145	199	224	184	223	253	269	249	342	419	424	435	
---Frame 44---
--endo--
218	252	284	418	310	301	343	292	403	307	266	311	278	254	252	264	323	337	231	351	
243	237	231	309	183	209	128	117	176	138	134	163	178	224	204	252	330	348	277	407	
--epi--
243	330	427	442	501	385	384	318	393	378	316	325	393	339	337	280	330	292	198	256	299	285	231	218	218	250	183	237	315	339	340	
287	330	429	419	391	216	199	126	147	117	32	33	84	71	34	40	93	113	43	148	200	222	184	223	248	270	253	342	419	421	431	
---Frame 45---
--endo--
214	251	288	418	309	302	347	289	405	307	267	311	278	256	248	264	322	338	233	351	
247	238	235	309	183	207	132	114	175	134	138	163	178	222	208	252	331	346	275	407	
--epi--
242	327	427	442	505	386	382	322	394	379	316	325	396	343	337	280	329	292	198	256	302	288	232	221	217	254	186	240	315	337	342	
287	333	429	418	388	216	201	129	151	116	32	33	87	73	34	40	90	117	43	149	197	220	183	220	249	274	252	340	419	422	428	
---Frame 46---
--endo--
215	255	287	419	310	303	350	292	402	306	267	309	282	257	249	263	324	340	232	351	
246	233	236	309	181	206	130	117	175	137	140	166	176	221	207	253	329	345	275	407	
--epi--
245	326	426	443	508	384	384	324	397	377	316	325	400	338	337	280	330	292	198	256	300	286	235	221	217	258	183	237	315	335	341	
285	334	429	415	387	219	200	128	149	119	32	33	91	73	34	40	93	116	43	152	200	221	180	220	249	276	253	342	419	423	430	
---Frame 47---
--endo--
217	254	291	418	308	307	348	290	402	306	267	309	279	257	249	261	328	341	232	353	
244	234	235	310	183	203	133	113	174	139	140	165	179	221	207	255	324	344	275	405	
--epi--
240	329	430	443	510	382	383	322	400	376	316	325	397	342	337	280	331	293	198	256	303	289	233	218	218	254	185	233	319	333	339	
288	331	426	415	391	220	201	129	149	121	32	33	88	73	34	40	95	118	43	152	197	219	182	223	248	279	252	344	417	427	432	
---Frame 48---
--endo--
220	254	291	418	308	311	351	292	405	306	267	311	279	256	246	259	324	342	229	353	
241	234	233	310	183	199	130	111	173	138	140	162	179	221	211	257	328	343	278	404	
--epi--
236	332	428	443	511	383	384	318	401	375	316	325	397	342	337	280	331	293	198	256	303	292	230	219	217	254	185	235	319	333	342	
292	326	428	415	390	219	201	132	148	121	32	33	89	73	34	40	95	115	43	152	197	217	185	221	249	279	252	343	417	426	427	
---Frame 49---
--endo--
219	254	293	421	310	313	350	293	407	306	267	311	280	253	244	263	324	342	231	351	
242	233	232	309	181	197	131	110	173	138	139	163	178	223	214	253	327	343	277	405	
--epi--
238	332	430	442	508	386	388	317	396	375	316	325	394	339	337	280	331	293	198	255	304	290	229	220	215	256	189	238	316	332	340	
290	326	427	417	390	223	197	132	152	121	32	33	84	70	34	40	95	112	43	151	196	218	186	220	252	278	250	342	419	426	430	
---Frame 50---
--endo--
220	250	293	425	310	314	349	291	409	306	267	309	283	250	244	259	323	340	229	349	
241	237	233	308	181	197	131	112	173	137	141	167	176	225	212	255	328	345	278	406	
--epi--
238	328	427	442	507	384	388	318	394	378	316	325	394	339	337	280	331	294	198	254	301	291	227	218	215	254	186	238	312	335	342	
290	329	430	418	391	219	197	133	153	117	32	33	85	70	34	40	94	116	43	150	199	217	189	222	252	279	251	343	421	422	427	
---Frame 51---
--endo--
216	253	293	360	311	316	351	289	344	301	266	308	218	252	239	254	323	341	228	347	
240	240	231	243	176	200	135	110	108	132	140	164	111	229	208	255	323	341	273	402	
--epi--
242	327	424	437	442	319	388	313	394	373	311	324	395	334	335	275	326	292	195	253	302	292	226	216	213	258	121	173	313	331	340	
287	324	427	413	326	154	192	128	150	113	32	33	84	72	33	39	91	111	43	154	194	212	187	221	250	274	186	278	417	421	422	
---Frame 52---
--endo--
217	254	294	364	312	315	351	291	348	297	266	308	222	254	237	257	321	345	232	347	
239	238	226	247	177	202	137	114	112	136	140	165	115	224	210	252	325	336	268	402	
--epi--
245	328	428	437	446	323	384	308	398	373	311	324	395	329	335	271	328	293	195	254	304	296	230	219	212	261	121	177	312	335	342	
283	323	422	411	330	158	196	132	145	113	32	33	86	68	33	39	93	115	43	157	192	210	182	216	251	272	190	282	417	417	420	
---Frame 53---
--endo--
217	257	292	365	313	314	352	292	352	298	266	310	226	255	237	261	321	342	231	344	
238	242	228	251	178	201	139	118	116	134	141	163	119	228	209	249	325	340	268	405	
--epi--
249	331	431	435	450	327	384	310	395	370	311	324	398	329	335	271	324	293	195	255	302	295	226	216	212	262	125	181	314	336	342	
281	321	420	414	334	162	196	128	145	116	32	33	90	68	33	39	88	116	43	157	195	211	186	220	250	273	194	286	416	416	420	
---Frame 54---
--endo--
218	258	290	368	317	313	351	292	356	302	266	308	230	257	240	263	322	345	232	345	
236	239	232	255	178	199	142	122	120	129	143	164	123	232	204	248	324	342	268	403	
--epi--
244	334	429	439	452	331	385	310	395	370	311	324	395	329	335	271	328	293	195	256	305	298	226	214	211	261	129	185	314	335	338	
285	319	421	410	338	166	195	128	144	116	32	33	86	68	33	39	92	118	43	155	190	215	186	221	250	274	198	290	416	417	424	
---Frame 55---
--endo--
220	256	290	372	315	310	355	292	360	300	266	308	225	257	239	265	325	341	229	342	
232	243	232	259	177	195	138	122	119	132	144	163	126	228	207	245	322	340	270	405	
--epi--
247	330	426	437	455	335	383	311	395	372	311	324	399	328	335	271	324	293	195	256	303	298	227	213	212	265	132	185	315	338	342	
282	323	422	413	337	165	197	127	143	113	32	33	89	70	33	39	87	117	43	153	193	217	184	222	249	272	201	292	416	415	420	
---Frame 56---
--endo--
221	256	294	369	316	312	354	293	361	302	267	307	227	261	242	268	325	340	231	345	
231	247	228	263	176	196	141	124	120	130	146	165	126	232	203	244	322	341	269	402	
--epi--
243	328	429	438	452	336	384	311	398	376	311	324	394	328	336	271	327	293	195	256	306	298	226	213	210	269	135	183	314	338	342	
285	325	420	411	339	164	195	127	142	110	32	33	84	70	35	39	89	119	43	152	191	216	186	222	252	268	199	293	416	415	420	
---Frame 57---
--endo--
221	257	289	367	319	313	353	293	365	300	267	308	227	260	239	272	329	340	232	349	
231	251	232	267	171	195	143	120	118	133	143	162	124	230	207	242	319	340	268	405	
--epi--
242	326	424	440	454	337	384	310	402	374	311	324	397	330	336	271	329	294	195	256	305	299	226	215	210	271	131	182	309	338	345	
284	328	422	409	338	163	195	129	142	111	32	33	85	66	35	39	91	122	43	151	195	219	185	220	252	264	202	293	420	415	418	
---Frame 58---
--endo--
219	257	288	369	322	317	353	294	366	297	269	312	229	258	242	275	332	343	230	349	
234	247	233	263	169	193	143	122	118	136	147	157	123	230	204	241	318	335	270	405	
--epi--
242	327	423	435	452	337	383	310	401	376	313	324	396	330	336	271	329	294	195	255	308	298	225	213	210	271	132	178	313	340	342	
284	327	422	413	340	163	197	129	144	109	32	33	83	66	35	39	91	118	43	153	194	219	187	222	251	265	201	294	417	414	420	
---Frame 59---
--endo--
219	259	292	369	325	318	353	294	363	297	269	312	225	258	243	273	328	341	228	351	
234	250	229	263	168	194	143	117	119	136	145	157	125	234	203	241	321	336	273	404	
--epi--
242	331	425	437	448	336	387	308	402	375	313	324	399	330	336	271	330	295	195	255	308	295	225	213	211	271	132	177	314	340	346	
285	324	421	411	343	163	193	133	145	109	32	33	87	66	35	39	91	122	43	151	195	215	187	222	249	264	201	296	416	414	418	
---Frame 60---
--endo--
219	257	288	371	326	321	357	295	362	296	267	311	229	258	241	272	324	341	227	350	
234	251	233	261	166	192	140	121	119	138	141	158	123	238	207	241	324	335	276	406	
--epi--
243	333	422	436	445	337	387	308	402	375	313	324	398	330	336	271	329	296	195	255	236	294	228	213	210	271	132	180	315	336	349	
286	322	424	412	344	163	194	133	146	109	32	33	87	66	35	39	91	125	43	152	134	212	182	222	251	264	201	292	415	416	416	
---Frame 61---
--endo--
222	253	287	370	261	325	354	295	358	300	266	308	164	255	238	271	324	339	224	352	
238	248	230	263	101	189	136	122	114	138	140	155	58	233	203	238	321	330	275	406	
--epi--
247	334	419	436	443	272	322	308	337	370	310	322	402	325	334	267	328	291	192	256	239	296	226	210	208	271	135	184	312	337	345	
283	318	428	414	343	98	129	136	81	108	32	33	88	70	34	39	95	122	43	154	129	208	179	219	246	262	203	289	412	415	411	
---Frame 62---
--endo--
223	252	286	365	263	328	356	295	358	301	266	310	168	253	241	274	323	340	226	353	
237	251	232	261	105	184	133	121	115	139	140	152	62	236	199	236	322	329	270	406	
--epi--
251	338	415	435	446	276	326	309	339	371	310	321	400	320	334	267	327	295	192	251	241	299	226	209	211	271	135	186	310	340	341	
279	314	429	413	342	102	133	137	85	107	32	32	85	65	34	39	91	125	43	149	127	207	179	220	241	261	203	287	414	414	415	
---Frame 63---
--endo--
223	252	287	368	264	328	355	296	359	301	266	308	172	251	240	270	327	343	230	353	
240	251	231	264	109	184	135	125	114	142	140	156	66	238	201	239	320	327	266	406	
--epi--
248	337	410	436	444	280	330	310	342	375	310	322	401	315	334	267	328	296	192	254	241	298	226	209	208	270	136	186	313	335	341	
282	315	426	416	342	106	137	141	89	102	32	33	88	69	34	39	94	127	43	146	127	209	179	220	245	262	204	287	412	411	415	
---Frame 64---
--endo--
224	252	289	365	268	325	359	296	360	300	261	311	176	254	237	271	328	345	230	353	
235	251	230	260	113	188	131	126	113	142	139	151	70	235	205	237	318	326	266	410	
--epi--
252	341	413	439	446	284	334	310	346	374	310	322	401	315	334	267	327	291	192	257	241	301	228	213	208	271	136	189	315	337	345	
277	318	427	419	341	108	141	142	93	103	32	33	87	69	34	39	91	122	43	150	127	207	176	215	245	260	205	284	410	410	410	
---Frame 65---
--endo--
226	256	292	369	269	325	359	295	356	299	265	315	176	253	237	272	332	349	226	353	
231	246	227	255	115	189	130	123	117	139	135	148	71	237	205	236	320	325	269	414	
--epi--
251	338	416	439	448	288	335	309	344	371	310	322	405	316	335	267	327	291	192	252	244	229	227	217	208	272	135	189	312	336	345	
278	315	427	418	341	108	145	138	97	106	32	33	90	67	35	39	92	122	43	148	130	147	178	212	245	260	203	284	414	411	410	
---Frame 66---
--endo--
226	257	295	369	272	329	357	294	358	299	265	316	176	254	240	268	335	351	225	354	
233	245	225	257	114	185	131	124	114	140	135	147	71	236	201	240	319	325	270	415	
--epi--
254	334	415	441	446	288	339	308	343	368	310	322	402	313	335	267	327	294	192	255	240	232	231	218	206	276	135	189	315	338	346	
276	319	425	415	342	108	144	136	97	109	32	33	86	69	35	39	92	118	43	151	128	151	174	211	247	257	203	284	410	408	410	
---Frame 67---
--endo--
224	257	299	371	275	332	357	295	361	299	264	316	178	255	237	267	331	350	223	351	
237	244	223	255	112	184	131	128	110	142	136	147	70	235	205	241	316	325	273	411	
--epi--
257	338	417	443	447	288	338	309	343	368	310	322	403	313	335	267	328	297	192	250	241	232	231	218	208	277	135	189	311	339	347	
274	315	423	410	340	108	143	139	96	109	32	33	85	69	35	39	96	115	43	150	127	155	174	211	244	257	202	284	413	407	409	
---Frame 68---
--endo--
224	253	302	372	278	333	356	294	360	298	265	312	178	257	239	267	327	345	226	351	
239	248	222	253	111	185	131	128	111	140	135	150	70	233	203	241	320	327	269	415	
--epi--
254	335	421	443	443	288	340	310	342	368	310	322	406	316	335	267	326	294	192	254	241	236	229	217	206	279	130	191	310	340	346	
276	318	423	409	343	108	142	138	98	109	32	33	88	67	35	39	91	118	43	145	127	159	176	212	247	256	197	283	415	405	410	
---Frame 69---
--endo--
225	252	301	369	277	337	355	295	361	298	265	312	178	259	240	267	325	344	225	351	
237	250	223	254	112	181	132	132	110	141	135	150	70	231	201	240	322	328	271	418	
--epi--
250	335	423	443	447	290	337	310	344	370	310	322	403	315	335	267	326	291	192	258	243	236	227	214	206	282	130	189	314	336	346	
280	319	419	409	340	108	144	139	96	107	32	33	84	69	35	39	92	121	43	142	131	162	179	215	247	255	197	285	411	408	410	
---Frame 70---
--endo--
225	253	300	367	275	337	352	294	364	297	268	311	173	256	241	271	328	345	223	352	
233	250	222	257	113	179	135	130	109	138	132	153	74	235	199	235	320	327	274	414	
--epi--
252	333	425	440	446	285	335	311	343	369	310	322	403	318	335	267	325	290	192	258	241	235	230	214	206	278	130	192	315	333	345	
280	320	418	406	342	109	146	138	97	108	32	33	86	65	35	39	91	122	43	142	127	162	175	215	247	257	197	283	411	412	410	
---Frame 71---
--endo--
223	252	297	365	279	272	347	292	366	298	267	307	170	255	239	268	331	345	221	356	
228	245	221	258	110	114	131	130	113	138	136	148	75	231	194	231	316	322	269	414	
--epi--
187	332	429	439	449	289	330	306	347	373	307	320	398	313	334	263	321	289	189	255	244	231	227	212	204	281	125	195	316	331	340	
215	318	415	404	339	106	141	133	99	111	32	33	85	66	35	39	89	125	43	138	122	160	174	211	242	253	194	279	407	409	405	
---Frame 72---
--endo--
223	252	297	366	283	274	346	287	364	299	268	306	167	251	239	264	330	346	221	355	
228	243	221	253	106	118	131	127	114	136	139	149	75	235	193	235	317	323	269	415	
--epi--
191	335	432	443	452	293	330	306	347	371	307	320	398	308	332	263	322	290	189	256	248	233	227	216	203	279	123	198	314	331	341	
219	316	413	400	338	102	140	130	97	115	32	33	84	61	34	39	91	127	43	137	124	158	174	206	244	254	193	275	408	409	403	
---Frame 73---
--endo--
222	253	296	370	286	274	346	285	365	301	270	310	162	252	238	267	333	350	222	354	
229	244	221	253	104	122	131	130	118	137	135	145	72	233	194	232	313	323	267	416	
--epi--
195	337	432	447	453	291	332	304	347	373	307	320	397	304	332	263	322	290	189	256	246	234	227	216	203	282	119	197	314	333	341	
223	313	413	404	338	104	139	133	98	114	32	33	80	65	34	39	93	130	43	137	119	156	174	206	244	254	194	276	408	406	404	
---Frame 74---
--endo--
220	255	296	373	288	274	350	286	365	301	273	310	159	253	237	267	328	280	225	353	
233	243	221	249	100	126	126	128	117	140	131	145	75	231	195	232	317	262	264	420	
--epi--
199	332	432	449	381	292	330	306	344	376	307	320	397	301	334	263	321	290	189	253	246	234	227	214	203	285	119	194	316	332	342	
227	317	413	404	277	99	140	131	93	110	32	33	81	67	35	39	92	130	43	140	119	156	174	208	244	253	194	280	407	408	405	
---Frame 75---
--endo--
220	258	299	371	288	275	348	285	366	302	273	313	159	252	239	268	332	284	222	352	
232	241	218	250	101	130	127	130	116	137	132	143	75	231	193	232	313	266	268	424	
--epi--
197	333	432	451	383	292	333	306	344	380	307	320	398	300	334	263	321	290	189	256	241	236	227	216	203	213	123	195	314	335	341	
230	317	413	403	281	102	138	131	94	108	32	33	85	68	35	39	90	128	43	137	123	153	174	206	244	192	193	279	409	405	406	
---Frame 76---
--endo--
223	259	295	373	288	276	346	288	369	305	272	311	159	256	240	271	327	288	220	351	
227	241	222	246	100	134	129	126	112	139	135	145	75	228	191	230	317	270	271	428	
--epi--
198	337	432	452	384	291	337	303	343	375	307	320	398	295	334	263	320	289	189	260	245	234	229	217	201	217	123	199	317	334	343	
229	316	413	401	285	103	136	135	94	103	32	33	85	70	35	39	87	126	43	141	119	155	170	205	247	196	193	274	407	406	404	
---Frame 77---
--endo--
221	256	295	372	288	273	343	287	367	308	270	309	159	258	237	273	331	292	220	351	
230	243	222	248	101	138	133	126	109	139	133	149	75	226	195	229	316	274	271	428	
--epi--
198	341	435	452	388	291	338	301	343	370	307	320	398	294	334	263	322	290	189	260	248	235	229	217	204	218	119	199	315	335	340	
229	315	412	405	289	99	136	139	96	104	32	33	86	71	35	39	90	128	43	145	117	154	170	205	242	200	194	274	409	405	408	
---Frame 78---
--endo--
223	256	296	375	287	274	347	286	366	309	272	308	159	259	236	276	332	293	220	351	
227	243	220	245	101	137	128	128	107	141	134	151	75	226	197	228	317	276	271	428	
--epi--
195	268	437	450	392	291	340	303	342	367	307	320	397	291	334	263	320	290	189	261	249	233	228	216	204	219	119	201	317	336	339	
231	255	412	402	291	99	135	135	95	107	32	33	81	75	35	39	86	127	43	143	116	157	172	206	242	204	194	272	407	403	410	
---Frame 79---
--endo--
223	257	299	376	287	275	349	287	367	309	273	308	159	257	239	275	335	288	220	351	
227	242	217	245	101	135	127	126	110	137	129	151	75	228	193	229	316	279	271	428	
--epi--
198	272	438	448	388	291	341	306	344	371	307	320	397	292	334	263	320	290	189	261	252	236	227	216	204	219	119	205	317	333	343	
229	259	412	398	295	103	135	132	97	104	32	33	80	72	35	39	86	124	43	141	114	152	173	206	242	207	194	269	407	407	405	
---Frame 80---
--endo--
221	261	301	377	283	275	349	287	367	309	274	307	159	261	240	278	263	287	219	351	
230	240	214	244	105	135	128	126	108	136	132	151	75	225	191	227	255	281	272	428	
--epi--
197	276	441	448	390	288	342	303	343	367	307	320	398	289	331	263	322	292	189	261	248	236	229	212	203	218	119	205	315	333	347	
230	263	407	398	292	105	134	135	94	107	32	33	83	75	34	39	90	126	43	142	116	152	169	210	244	207	194	269	409	407	409	
---Frame 81---
--endo--
224	264	296	312	287	271	344	286	367	304	271	302	154	259	235	282	198	291	217	346	
232	235	213	179	100	131	123	125	105	131	127	147	71	221	189	222	190	277	267	423	
--epi--
197	211	376	452	325	289	338	298	341	368	304	316	401	284	331	259	320	291	186	258	250	237	227	210	201	216	122	203	317	333	348	
226	198	342	398	227	108	129	130	90	104	32	32	82	72	35	38	92	127	43	137	112	156	166	205	242	203	189	266	406	403	409	
---Frame 82---
--endo--
224	259	299	316	287	268	345	286	371	300	267	306	153	263	235	278	202	293	218	343	
235	239	209	183	101	134	121	128	103	133	131	143	72	217	188	224	194	274	265	426	
--epi--
195	215	380	449	327	289	339	295	343	372	304	316	401	286	331	259	319	291	186	255	253	237	227	210	202	216	124	201	316	334	348	
229	202	346	396	231	112	127	130	93	102	32	32	83	69	35	38	88	131	43	139	116	160	166	205	239	203	184	268	407	402	412	
---Frame 83---
--endo--
224	263	298	320	285	271	343	287	370	302	270	306	153	267	236	277	206	295	218	345	
239	235	211	187	99	130	122	128	104	131	127	144	72	215	186	225	198	271	265	423	
--epi--
197	219	384	452	328	290	341	293	341	371	304	316	402	287	327	259	318	292	186	256	252	237	228	211	206	215	126	203	318	334	348	
226	206	350	399	235	113	125	134	90	103	32	32	84	67	33	38	86	129	43	138	116	164	164	203	234	204	182	265	406	402	408	
---Frame 84---
--endo--
225	263	297	324	286	274	343	288	374	306	269	307	153	267	236	279	209	294	219	346	
242	235	212	189	100	127	122	127	106	128	128	144	72	216	186	224	202	272	264	422	
--epi--
196	221	388	453	328	289	341	293	344	366	304	316	405	288	327	259	317	292	186	258	252	236	230	212	204	213	128	206	322	333	348	
227	210	354	397	239	112	125	135	94	105	32	32	88	66	33	38	83	125	43	136	119	159	161	202	236	206	182	260	402	404	412	
---Frame 85---
--endo--
225	259	297	328	286	273	343	289	375	303	268	310	153	262	235	279	205	293	219	344	
242	239	212	190	101	128	122	126	107	132	129	142	72	219	189	223	204	273	264	425	
--epi--
195	220	390	450	331	288	338	296	346	369	304	316	402	286	327	259	317	292	186	258	253	235	231	213	204	213	128	206	324	334	349	
229	212	354	394	243	109	129	130	94	104	32	32	86	69	33	38	85	125	43	136	121	154	159	201	236	206	182	260	400	403	416	
---Frame 86---
--endo--
226	259	298	326	285	272	341	289	376	301	265	312	153	266	235	276	203	296	219	344	
237	239	212	190	102	129	124	124	106	136	133	141	72	216	189	225	205	269	264	425	
--epi--
195	220	392	451	329	288	337	297	341	367	304	316	403	284	327	259	317	293	186	261	252	230	228	211	205	213	128	203	327	334	349	
229	213	354	392	245	106	131	130	89	105	32	32	87	71	33	38	85	128	43	133	124	150	162	203	235	206	182	264	398	404	411	
---Frame 87---
--endo--
225	260	296	329	285	271	339	291	377	302	267	311	153	263	234	278	201	295	219	348	
237	237	213	189	102	130	128	125	105	135	130	143	72	218	190	224	208	270	264	420	
--epi--
195	219	395	453	329	289	338	299	342	369	304	316	401	284	327	259	318	296	186	262	250	234	227	215	202	215	128	202	325	334	349	
229	215	353	388	246	109	129	128	91	104	32	32	84	71	33	38	86	129	43	132	119	154	164	200	239	204	182	266	399	404	411	
---Frame 88---
--endo--
225	263	298	324	285	270	343	291	379	302	271	311	153	263	235	278	205	297	219	348	
233	234	211	191	102	132	123	125	108	135	126	143	72	217	188	224	204	269	264	420	
--epi--
195	223	393	450	328	291	342	298	343	372	304	316	403	285	327	261	317	296	186	257	248	234	228	214	202	214	124	202	325	337	350	
229	210	354	391	250	112	126	130	90	103	32	32	86	69	33	38	82	125	43	136	116	156	162	201	239	205	184	266	400	403	407	
---Frame 89---
--endo--
224	261	296	321	285	270	346	292	377	305	270	310	153	259	234	280	203	300	220	349	
235	236	213	194	105	132	121	129	104	130	127	144	72	220	189	224	206	267	262	419	
--epi--
195	224	397	451	330	292	345	298	345	370	304	316	401	284	327	261	318	296	186	257	248	229	227	215	203	215	124	202	325	337	350	
229	209	352	389	246	115	125	130	91	104	32	32	85	70	33	38	84	125	43	136	115	151	164	200	238	204	184	266	401	404	408	
---Frame 90---
--endo--
224	261	297	317	286	273	346	292	376	305	273	310	153	255	234	280	207	298	218	349	
230	236	212	198	102	129	121	133	102	130	124	144	72	224	189	224	203	268	265	419	
--epi--
195	220	393	450	329	291	347	298	348	371	304	316	400	283	327	261	319	296	186	257	250	230	227	211	207	217	124	204	324	337	347	
229	210	354	390	248	111	124	130	95	104	32	32	82	71	33	38	86	129	43	136	110	150	164	203	233	200	184	262	403	404	407	
---Frame 91---
--endo--
227	258	296	316	288	268	341	287	311	300	275	308	148	253	238	281	205	233	221	350	
228	233	207	194	101	125	116	128	37	125	123	139	75	220	191	221	200	203	267	419	
--epi--
196	216	396	448	264	291	342	293	348	306	299	313	403	278	325	260	318	300	183	259	185	226	231	215	204	221	122	200	259	341	347	
224	208	351	386	183	111	119	125	91	39	32	33	84	72	34	39	90	130	43	137	45	148	168	205	231	199	179	261	338	407	405	
---Frame 92---
--endo--
227	258	298	315	287	267	344	288	311	300	277	312	144	253	238	279	205	237	221	351	
228	233	206	197	104	126	113	127	37	123	127	134	70	219	195	222	200	207	271	417	
--epi--
197	216	398	450	266	291	345	295	351	306	299	313	404	273	325	260	318	302	180	258	185	230	231	215	204	221	121	200	263	341	347	
223	208	350	383	187	114	116	122	95	39	32	33	86	74	34	39	90	134	43	137	45	152	172	206	231	203	176	261	342	404	404	
---Frame 93---
--endo--
226	254	301	316	287	268	340	286	311	301	277	310	141	250	238	282	206	241	220	350	
230	236	210	194	106	125	117	131	37	122	124	138	72	223	196	220	197	211	266	418	
--epi--
197	219	398	449	266	291	346	295	352	306	299	313	402	273	325	260	313	303	175	258	185	230	231	214	203	221	121	201	267	340	347	
223	203	350	386	191	115	115	122	97	39	32	33	83	73	34	39	85	135	43	135	45	156	176	206	232	200	176	259	346	407	403	
---Frame 94---
--endo--
226	258	298	320	286	268	341	286	311	301	277	311	137	249	238	282	205	243	219	351	
234	233	207	191	101	125	116	132	37	122	126	137	74	224	200	220	199	215	269	417	
--epi--
200	222	400	453	266	291	344	295	350	306	299	313	406	274	325	260	311	303	175	258	185	230	231	214	203	220	121	200	271	340	349	
220	200	348	390	195	117	118	122	93	39	32	33	87	74	34	39	82	130	43	136	45	159	176	204	232	201	176	260	350	409	407	
---Frame 95---
--endo--
225	259	297	318	284	268	339	288	311	301	278	313	137	253	239	280	203	241	219	349	
230	232	209	193	97	125	119	129	37	122	126	135	74	219	201	222	202	216	273	414	
--epi--
201	220	404	454	270	290	344	292	354	306	299	313	409	274	325	260	311	304	175	257	185	230	231	214	205	220	121	200	272	340	349	
219	202	345	390	199	115	118	126	96	39	32	33	89	73	34	39	82	128	43	137	45	158	176	206	229	205	176	260	352	407	409	
---Frame 96---
--endo--
221	257	299	319	285	267	342	292	311	298	278	312	137	252	238	281	203	241	219	349	
225	233	207	193	101	127	115	124	37	126	124	137	74	221	201	221	202	216	277	414	
--epi--
201	220	405	455	270	289	344	291	352	306	299	313	405	274	325	260	312	303	175	258	185	230	231	214	206	220	121	199	270	339	349	
219	202	345	391	202	111	118	127	94	39	32	33	85	69	34	39	86	126	43	141	45	158	176	206	227	206	176	262	353	411	406	
---Frame 97---
--endo--
219	255	303	318	286	268	344	292	311	298	279	315	137	255	237	283	205	241	219	351	
228	236	211	194	105	126	114	124	37	126	121	133	74	217	202	219	199	216	276	411	
--epi--
201	220	408	453	268	288	343	295	353	306	299	313	409	274	325	260	311	303	175	256	185	230	230	214	206	220	121	200	273	339	348	
219	202	342	394	204	108	119	122	94	39	32	33	88	69	34	39	85	128	43	136	45	157	172	209	227	209	176	260	351	406	410	
---Frame 98---
--endo--
221	259	304	321	286	270	343	292	311	299	280	313	137	255	236	285	204	241	219	350	
224	235	215	191	104	124	115	124	37	125	123	136	74	217	202	217	201	216	275	412	
--epi--
201	217	411	452	267	285	347	296	352	306	299	313	412	276	325	260	310	303	175	257	185	230	230	214	206	220	121	200	273	339	348	
219	206	340	397	207	111	115	121	93	39	32	33	88	66	34	39	82	130	43	138	45	157	172	211	227	212	176	260	351	403	407	
---Frame 99---
--endo--
219	262	303	321	288	267	343	291	311	302	282	309	137	253	236	289	206	243	219	348	
227	231	219	191	107	128	115	125	37	122	124	140	74	220	202	214	197	215	273	416	
--epi--
201	217	406	452	266	287	344	294	354	306	299	313	411	276	325	260	311	303	175	260	185	230	230	214	209	220	121	200	268	339	348	
219	206	344	394	205	109	118	124	94	39	32	33	87	66	34	39	86	128	43	138	45	157	175	213	223	213	176	260	355	405	408	
---Frame 100---
--endo--
217	261	303	317	289	271	342	292	311	301	282	307	137	250	235	287	206	247	219	350	
230	232	220	195	109	123	116	124	37	123	123	143	74	224	202	216	197	214	271	420	
--epi--
201	215	410	451	267	289	345	292	349	306	299	313	408	276	325	260	311	304	175	259	185	230	230	214	207	220	121	201	272	338	348	
219	209	348	397	208	108	117	127	94	39	32	33	86	66	34	39	86	131	43	138	45	157	176	215	225	213	176	259	352	409	407	
---Frame 101---
--endo--
213	257	301	318	288	266	338	287	308	296	278	305	137	248	239	289	205	242	221	350	
226	231	216	192	106	120	111	120	36	118	118	140	75	220	200	212	192	214	269	415	
--epi--
197	217	345	452	202	290	340	287	351	301	294	308	404	271	325	256	309	299	172	254	182	231	231	216	210	217	118	205	275	341	346	
218	213	283	398	143	112	113	123	93	39	32	33	83	70	34	38	87	126	43	134	45	161	180	219	226	209	171	257	350	413	406	
---Frame 102---
--endo--
214	261	299	318	289	265	338	289	308	295	282	309	137	249	239	292	207	243	216	352	
225	229	218	191	110	121	111	117	36	117	114	136	75	218	204	210	189	211	265	411	
--epi--
197	217	349	451	206	289	340	288	353	301	294	309	404	266	325	258	309	299	169	257	182	230	230	216	210	217	122	205	271	341	346	
218	217	287	402	147	110	113	121	93	39	32	32	83	71	34	38	88	126	43	130	45	156	179	220	227	209	166	257	347	410	406	
---Frame 103---
--endo--
214	261	299	316	290	264	338	290	308	294	280	309	137	253	239	290	206	243	216	352	
225	229	218	192	114	122	112	116	36	118	116	135	75	214	208	211	190	210	265	411	
--epi--
199	217	353	452	210	286	340	289	349	301	294	309	403	262	325	258	309	296	164	255	182	230	230	216	210	215	124	205	269	340	347	
216	221	291	397	151	107	114	120	90	39	32	32	81	66	34	38	88	130	43	132	45	156	179	224	227	212	166	257	351	411	403	