Total AVI Frames: 104
Frames Processed: 104
endoPoints: 20
epiPoints: 31
---Frame 0---
--endo--
369	400	429	452	476	486	479	458	433	404	374	346	318	294	277	269	275	287	311	339	
408	406	397	383	354	322	294	270	250	237	235	241	254	273	300	328	356	383	401	411	
--epi--
390	419	448	474	501	519	535	542	543	538	528	511	491	466	438	406	376	347	318	291	275	259	256	252	252	257	266	283	305	331	360	
457	454	446	431	411	388	361	331	301	273	243	218	196	178	166	157	155	165	177	197	218	248	276	304	333	361	391	415	434	448	455	
---Frame 1---
--endo--
367	400	429	450	474	486	477	456	431	403	372	347	320	295	277	268	278	287	314	337	
408	410	401	383	353	317	293	270	250	232	235	245	258	277	295	323	356	387	404	410	
--epi--
388	417	446	473	500	517	533	542	541	539	527	511	489	464	436	406	376	348	316	289	273	257	254	254	250	256	266	286	304	330	358	
457	454	446	433	406	390	362	326	298	277	238	213	196	179	166	152	159	169	176	198	218	248	276	308	335	356	386	419	429	443	456	
---Frame 2---
--endo--
368	398	428	452	474	486	477	456	431	403	372	348	320	296	278	268	278	287	313	338	
403	407	402	378	353	317	292	269	250	232	234	246	258	277	294	322	357	387	405	405	
--epi--
388	417	446	474	502	517	533	546	541	539	528	510	489	464	436	410	376	348	316	289	273	257	254	255	250	256	265	283	305	332	358	
458	454	446	432	404	391	362	325	297	277	238	213	196	179	165	151	160	170	176	198	218	248	278	307	337	355	386	419	429	441	456	
---Frame 3---
--endo--
371	400	429	453	474	486	477	456	431	405	372	349	321	294	279	268	278	287	313	338	
402	410	402	378	348	317	291	268	248	232	232	245	257	279	294	322	358	387	405	405	
--epi--
388	417	446	473	502	517	533	549	541	539	528	510	491	464	438	412	378	348	316	289	273	257	254	254	250	258	265	283	303	332	358	
457	454	446	433	404	391	361	324	296	277	238	213	191	178	161	150	160	170	175	198	218	252	282	309	341	354	386	419	433	441	455	
---Frame 4---
--endo--
370	400	429	453	474	487	474	456	431	407	372	351	321	295	280	268	279	285	312	337	
403	410	402	378	346	317	286	267	246	230	229	244	259	278	294	323	358	385	406	409	
--epi--
388	417	446	473	502	517	533	545	541	536	526	514	489	464	441	416	378	348	316	289	273	252	254	256	250	258	269	286	303	332	358	
457	453	446	433	404	390	356	325	296	272	235	211	195	177	160	149	159	170	175	198	220	256	282	307	345	355	384	419	436	441	455	
---Frame 5---
--endo--
374	400	431	456	474	487	473	456	431	408	372	352	324	296	283	271	280	285	312	336	
401	410	401	376	344	316	283	264	242	231	227	243	257	277	293	322	358	385	406	412	
--epi--
387	415	444	473	502	517	533	545	541	536	526	515	491	464	438	414	377	349	316	286	273	254	254	257	250	257	268	283	302	330	357	
455	452	445	433	404	388	352	325	298	271	234	212	191	177	161	148	159	169	172	198	217	258	282	307	348	355	385	419	436	442	454	
---Frame 6---
--endo--
304	399	429	454	474	491	471	456	431	409	372	352	326	297	287	272	282	285	313	336	
343	411	402	376	341	315	279	261	239	229	224	244	256	277	292	321	357	385	406	413	
--epi--
386	414	443	473	502	517	533	545	541	536	526	517	493	464	440	418	377	347	311	286	271	256	256	255	245	257	272	287	301	332	356	
453	450	443	433	404	384	356	325	298	272	235	211	190	172	160	148	159	170	172	198	218	257	280	308	343	355	384	418	436	441	453	
---Frame 7---
--endo--
304	399	429	451	473	490	472	456	431	410	372	353	327	295	212	272	282	285	313	334	
346	411	402	378	339	315	279	258	235	229	221	243	255	278	235	321	357	387	406	412	
--epi--
384	413	442	473	502	516	533	540	541	536	526	516	488	464	439	419	375	347	309	285	270	257	255	258	242	260	273	291	300	330	354	
452	449	441	433	404	383	354	320	301	272	230	211	185	170	160	148	160	171	167	199	218	257	281	306	338	354	383	417	436	442	452	
---Frame 8---
--endo--
305	400	428	454	474	494	476	456	431	412	372	355	327	295	215	271	283	284	313	333	
350	410	403	376	339	314	277	255	234	228	220	242	255	277	239	322	357	387	405	411	
--epi--
383	412	441	473	500	515	533	540	541	536	526	514	485	460	442	414	370	347	308	285	268	255	255	262	243	259	271	295	298	330	353	
450	447	440	433	405	382	358	321	301	269	228	211	181	165	160	148	155	170	168	199	219	261	281	305	333	354	384	415	436	442	450	
---Frame 9---
--endo--
305	399	428	449	469	491	477	456	431	413	372	354	325	294	218	269	284	284	311	331	
350	411	403	380	340	314	275	252	230	228	215	244	257	277	240	323	356	387	407	409	
--epi--
382	411	440	473	502	514	532	540	541	536	526	511	485	464	441	414	374	350	307	282	267	253	255	262	243	261	269	297	297	325	352	
449	445	439	433	404	386	358	325	301	264	228	213	181	169	159	149	150	170	165	196	216	263	281	305	328	353	385	415	435	446	449	
---Frame 10---
--endo--
305	399	428	451	465	493	477	456	431	416	368	353	325	294	218	269	284	283	311	330	
350	411	402	378	339	314	273	250	227	227	210	244	256	277	240	323	356	386	407	407	
--epi--
381	409	439	473	500	513	532	540	541	536	526	514	486	464	444	341	377	347	306	280	266	253	256	259	243	261	270	297	296	322	350	
446	442	438	433	405	387	356	324	301	262	228	211	181	166	158	92	150	170	166	193	213	263	280	306	323	353	385	415	433	447	446	
---Frame 11---
--endo--
301	394	429	449	465	493	475	454	429	414	368	356	323	292	216	273	282	282	312	330	
345	406	406	382	334	309	268	245	224	222	214	247	251	281	243	326	356	381	411	402	
--epi--
379	407	437	472	499	513	530	538	539	534	530	515	484	462	440	345	377	345	305	278	264	252	259	261	241	260	265	299	294	321	353	
444	441	437	435	400	382	356	322	301	257	231	206	180	161	153	92	145	165	161	191	213	258	283	310	318	348	388	419	432	442	446	
---Frame 12---
--endo--
303	390	428	448	469	491	473	454	429	414	369	352	323	292	216	276	282	284	310	330	
345	401	407	382	331	305	264	244	222	217	215	250	246	282	243	325	354	380	412	402	
--epi--
377	406	436	472	499	516	530	538	539	534	533	515	479	462	440	347	378	345	305	278	264	256	263	260	240	262	262	297	297	323	348	
442	440	437	435	399	381	355	324	296	256	230	205	175	159	151	93	143	160	160	190	214	256	282	310	313	347	386	419	428	440	442	
---Frame 13---
--endo--
303	387	428	446	465	491	468	454	429	413	369	353	323	292	216	279	282	286	311	332	
349	396	406	377	334	305	260	246	224	212	214	249	242	282	243	324	352	379	411	400	
--epi--
375	405	434	472	502	513	530	538	539	534	536	519	474	462	440	346	376	345	305	278	261	253	191	259	240	262	261	298	298	323	345	
439	439	435	435	398	382	352	325	295	251	229	203	170	154	150	92	145	155	160	194	218	257	215	310	308	347	383	419	427	440	440	
---Frame 14---
--endo--
303	384	427	450	465	489	467	454	429	413	368	352	323	292	214	282	282	289	309	331	
353	396	408	372	334	304	261	247	226	212	216	250	242	281	247	323	351	379	406	401	
--epi--
373	403	432	472	499	513	532	538	539	534	536	519	475	462	444	342	377	345	305	273	264	255	194	259	240	265	261	295	295	323	344	
438	438	434	435	400	382	350	326	296	249	229	203	167	152	153	87	144	150	161	198	217	256	217	310	308	345	380	423	427	440	436	
---Frame 15---
--endo--
303	384	427	450	461	489	471	454	429	408	368	356	323	292	214	284	282	293	309	329	
355	396	407	373	338	308	265	249	228	214	215	247	243	282	251	318	350	378	401	402	
--epi--
371	401	431	472	499	515	531	538	539	534	535	518	474	462	447	340	377	345	307	274	263	258	194	259	240	262	261	292	295	318	343	
436	437	433	435	399	381	350	327	299	249	229	204	166	151	151	83	144	145	159	201	218	255	217	310	308	347	378	424	427	439	432	
---Frame 16---
--endo--
303	384	427	452	456	488	472	453	427	406	367	357	323	287	214	280	283	297	308	330	
358	396	407	371	342	309	269	250	229	215	216	247	245	285	250	313	350	376	396	401	
--epi--
370	399	430	472	494	510	533	538	539	534	535	521	474	459	446	341	377	343	307	275	262	256	194	258	240	266	260	292	295	318	342	
435	436	432	435	394	376	349	327	301	251	229	204	166	151	152	84	144	140	159	203	219	256	217	311	308	345	378	423	427	438	431	
---Frame 17---
--endo--
302	384	427	452	451	485	473	452	427	405	367	357	323	282	214	280	283	298	308	331	
358	396	407	371	345	306	273	251	231	216	215	248	247	289	247	313	350	371	392	401	
--epi--
369	397	429	467	489	505	533	538	539	534	535	449	473	462	447	341	376	343	305	276	261	254	194	259	239	269	261	293	298	319	341	
433	435	431	430	390	372	349	327	301	253	230	146	166	151	151	83	145	135	161	200	218	256	217	311	308	344	377	421	426	433	431	
---Frame 18---
--endo--
302	388	427	447	450	484	477	451	426	404	367	356	323	283	215	280	285	296	309	331	
358	399	407	373	343	307	277	253	233	217	215	248	250	291	245	314	349	366	392	400	
--epi--
368	396	426	462	485	502	533	538	539	534	535	452	473	462	450	340	376	347	305	276	261	249	194	262	240	272	262	293	300	319	340	
431	434	429	425	390	374	349	329	301	254	230	150	166	151	150	83	144	130	160	195	218	260	217	309	308	343	376	420	425	432	431	
---Frame 19---
--endo--
299	390	426	444	450	483	479	450	425	402	367	357	323	285	216	280	284	296	309	331	
360	403	402	370	338	308	278	255	234	220	215	247	252	292	243	314	350	366	392	401	
--epi--
366	394	425	460	485	500	533	537	539	534	535	452	473	462	447	340	376	347	305	276	260	251	194	262	240	274	263	295	303	319	338	
431	432	427	423	390	374	349	329	296	255	230	152	166	153	151	83	144	129	160	195	219	264	217	310	308	343	373	419	424	432	431	
---Frame 20---
--endo--
302	393	427	439	452	481	481	450	424	402	367	357	323	287	216	284	285	294	309	331	
358	406	397	374	333	308	277	257	235	221	215	247	253	292	245	318	350	362	387	401	
--epi--
366	394	424	459	483	496	533	536	541	534	535	452	473	462	447	342	376	347	305	277	259	251	194	265	241	275	263	295	303	319	337	
431	431	426	422	390	378	349	328	296	255	231	152	166	155	151	87	145	129	160	194	219	268	217	308	308	343	373	417	424	432	431	
---Frame 21---
--endo--
299	394	426	438	450	479	476	448	422	402	368	355	321	287	214	282	284	289	309	331	
353	410	392	369	328	308	281	257	236	225	210	242	255	296	245	322	345	366	391	396	
--epi--
364	392	422	461	483	495	532	536	539	535	535	447	471	460	445	345	375	343	303	275	257	250	189	268	239	275	261	295	303	318	336	
427	430	425	423	385	373	344	323	296	259	235	156	161	150	153	87	140	124	164	195	223	263	221	311	303	338	370	412	419	427	426	
---Frame 22---
--endo--
294	392	428	440	446	478	471	448	422	401	371	355	321	288	214	282	284	291	307	333	
348	411	391	368	325	308	280	258	237	227	208	240	257	296	245	326	345	368	386	394	
--epi--
362	390	421	460	484	498	533	536	539	535	537	446	471	460	445	346	377	344	303	275	254	253	184	269	239	278	261	295	303	320	336	
425	428	423	423	384	371	343	323	296	259	236	160	163	152	155	88	139	119	167	197	224	261	225	311	303	336	365	412	419	425	425	
---Frame 23---
--endo--
295	389	427	439	449	476	469	447	422	401	371	355	317	288	214	282	288	291	307	335	
343	406	391	369	327	308	280	258	238	226	208	242	261	297	244	330	343	366	381	393	
--epi--
361	389	420	459	482	495	537	537	538	535	536	450	471	460	445	345	375	345	303	275	255	255	184	271	239	280	261	295	306	320	335	
424	427	422	423	385	373	342	323	296	259	236	164	162	152	156	87	140	114	166	200	224	260	225	310	303	336	364	412	418	425	420	
---Frame 24---
--endo--
296	387	427	441	453	474	468	446	422	401	369	355	318	290	214	282	292	292	307	333	
343	401	392	367	326	307	280	259	240	226	209	243	263	295	245	333	341	365	376	395	
--epi--
360	388	418	458	484	495	537	539	538	538	534	450	471	460	444	347	378	345	303	275	255	250	188	271	239	283	256	294	305	320	335	
422	425	421	424	383	373	342	321	297	258	236	167	165	154	156	89	138	114	166	200	224	263	221	310	302	334	359	412	418	425	416	
---Frame 25---
--endo--
296	386	427	436	451	472	467	446	421	401	371	355	318	291	214	282	295	288	307	335	
343	400	392	367	328	308	281	261	241	226	208	245	264	296	245	333	340	360	372	394	
--epi--
359	387	417	458	479	495	535	535	537	538	534	450	471	460	443	345	376	344	303	275	256	250	192	275	239	286	254	296	307	320	330	
419	424	419	424	378	372	342	323	299	258	236	167	166	157	156	89	139	114	167	199	223	263	216	309	306	333	354	412	417	425	417	
---Frame 26---
--endo--
300	384	429	438	448	470	466	443	420	401	374	355	319	293	214	282	292	289	307	333	
343	399	390	369	323	309	282	262	242	226	207	246	265	294	243	337	341	355	367	395	
--epi--
358	386	416	453	474	490	532	537	536	538	534	450	471	460	443	345	377	344	303	275	257	250	192	270	239	289	255	299	304	320	329	
416	422	417	419	378	367	343	322	301	258	236	167	166	158	157	89	138	114	166	199	222	263	213	312	310	332	349	411	418	425	416	
---Frame 27---
--endo--
300	383	428	438	443	468	466	441	419	401	376	355	323	292	214	277	296	290	307	335	
343	398	391	369	322	310	285	263	243	226	206	247	269	296	238	333	340	350	362	394	
--epi--
356	384	415	449	469	488	532	541	535	538	534	447	471	459	442	345	375	344	303	275	257	250	192	270	239	289	255	300	305	320	329	
416	421	415	414	382	363	343	321	301	258	237	167	165	157	155	89	140	115	168	199	221	263	213	312	314	333	344	410	417	425	416	
---Frame 28---
--endo--
300	382	427	433	441	463	466	439	417	401	378	355	327	296	214	272	299	292	311	339	
343	396	392	364	325	308	287	264	243	226	205	249	268	293	242	328	339	345	359	392	
--epi--
355	383	414	446	468	486	534	539	534	535	534	450	471	458	441	342	375	345	299	275	257	251	192	270	239	293	259	299	305	320	324	
416	419	414	409	381	363	343	321	299	259	237	167	164	154	154	88	140	114	163	200	222	263	213	312	318	333	339	410	417	425	416	
---Frame 29---
--endo--
300	381	428	429	437	462	466	438	416	401	377	355	331	296	214	274	299	292	312	339	
343	394	391	359	320	308	289	265	245	226	205	250	266	294	246	323	340	340	360	393	
--epi--
354	382	412	444	468	485	533	542	533	535	535	450	473	458	441	344	375	345	299	275	257	253	192	265	239	297	262	299	307	320	323	
416	418	412	407	377	363	343	321	298	259	237	167	161	153	154	89	140	114	160	200	223	261	213	313	320	329	336	410	416	425	416	
---Frame 30---
--endo--
295	380	431	424	441	462	466	437	415	401	377	355	334	298	214	275	298	292	312	341	
338	393	389	359	322	308	289	266	246	226	205	251	264	293	250	321	341	335	359	393	
--epi--
353	381	411	444	468	483	532	540	532	535	535	450	473	457	441	344	375	340	299	275	257	252	192	269	239	301	262	299	304	320	323	
416	416	411	402	375	363	344	322	297	259	237	167	161	153	154	89	140	114	159	201	224	261	213	312	320	328	336	410	417	425	416	
---Frame 31---
--endo--
296	378	427	419	436	459	466	435	413	401	375	353	332	302	212	275	299	296	311	339	
333	390	384	354	318	309	293	266	246	221	209	252	265	296	250	325	336	338	354	388	
--epi--
352	379	409	448	466	483	532	535	531	536	530	451	473	455	439	346	373	335	297	273	255	248	188	273	234	299	260	298	305	321	321	
411	414	408	404	370	358	339	324	292	263	241	162	156	152	155	93	142	109	159	202	228	264	217	316	315	332	340	405	412	420	411	
---Frame 32---
--endo--
300	378	424	423	435	457	465	433	413	401	375	353	329	300	212	275	303	298	314	339	
331	389	379	353	320	310	294	267	248	220	213	254	269	298	250	325	333	337	352	386	
--epi--
354	378	409	448	468	483	532	530	534	536	525	451	471	455	439	349	373	335	297	273	255	249	188	275	234	299	260	298	306	324	321	
409	413	406	402	369	357	339	321	291	263	237	162	158	153	155	91	142	106	161	204	226	265	220	314	311	336	344	405	411	417	406	
---Frame 33---
--endo--
301	376	422	418	431	453	465	428	412	401	375	353	329	302	212	278	306	299	312	334	
330	387	377	354	324	309	294	265	249	220	217	255	271	297	250	324	332	337	354	388	
--epi--
354	377	408	446	467	482	527	525	538	536	523	455	475	455	439	347	373	332	297	273	255	250	188	276	234	299	255	298	306	321	323	
409	411	404	405	370	358	338	320	290	263	233	159	155	154	157	91	143	104	161	205	225	265	220	314	311	340	346	405	411	418	410	
---Frame 34---
--endo--
305	375	420	415	426	451	460	423	411	400	375	353	330	305	212	281	309	301	315	334	
330	385	375	349	319	310	293	262	251	221	220	257	272	295	250	323	332	336	352	386	
--epi--
357	380	406	446	467	484	522	521	535	536	522	459	475	455	439	347	373	336	297	273	255	249	184	278	235	299	252	298	309	321	325	
408	411	403	405	370	356	338	322	291	263	231	158	155	154	157	90	144	106	160	207	227	269	215	313	306	343	346	405	409	418	409	
---Frame 35---
--endo--
301	374	417	411	426	448	455	422	410	400	375	353	331	305	212	285	305	302	319	334	
331	383	374	344	318	311	292	263	253	221	220	259	274	295	250	322	334	336	350	384	
--epi--
360	380	405	445	467	482	518	521	532	536	521	454	470	455	438	348	373	331	297	273	255	247	184	281	236	299	253	300	308	324	327	
407	410	401	405	369	357	333	322	292	263	230	160	159	154	157	91	144	101	158	208	227	273	215	312	305	343	346	404	409	417	408	
---Frame 36---
--endo--
230	374	416	413	427	443	451	422	408	400	375	353	331	305	212	287	304	297	318	334	
273	381	374	344	320	309	292	266	254	221	220	261	275	295	250	321	334	339	351	383	
--epi--
363	382	405	444	462	477	517	521	527	536	521	451	473	455	438	349	373	330	297	273	255	247	184	281	236	299	253	301	311	324	330	
406	409	399	405	364	352	330	322	296	263	232	160	155	155	157	91	144	100	157	208	228	276	213	312	305	343	345	403	408	417	407	
---Frame 37---
--endo--
232	373	416	409	426	442	451	422	406	400	375	353	332	305	212	290	304	292	322	334	
277	380	369	344	320	309	295	269	256	221	220	263	276	295	252	324	334	339	350	381	
--epi--
366	385	404	443	457	472	517	522	526	536	520	451	476	455	437	346	373	329	297	273	255	247	184	281	237	294	254	300	314	324	333	
405	408	398	405	360	349	329	322	296	263	231	160	154	156	158	93	144	104	156	207	227	276	213	312	305	338	345	403	408	417	406	
---Frame 38---
--endo--
231	372	416	409	426	441	451	426	404	400	375	353	335	308	212	290	233	288	322	334	
280	378	364	344	319	309	297	273	257	220	220	265	280	294	252	323	276	343	350	380	
--epi--
366	388	403	443	453	469	517	521	525	536	520	451	471	455	437	347	373	324	297	273	255	248	184	281	237	289	255	300	317	327	337	
405	407	396	406	360	348	329	323	295	263	233	160	158	156	157	91	143	105	155	207	225	276	212	312	305	333	345	403	408	416	405	
---Frame 39---
--endo--
231	372	416	409	426	441	451	423	403	400	375	353	339	306	212	290	237	290	325	334	
280	378	359	344	316	310	298	274	257	220	220	266	278	295	252	318	277	347	349	378	
--epi--
366	391	402	443	453	468	517	522	525	539	517	446	470	455	436	347	373	323	297	273	255	248	184	281	232	290	257	303	314	330	337	
405	406	396	406	360	349	329	322	294	262	237	164	162	157	156	91	145	105	154	206	227	276	212	312	307	328	347	402	408	415	405	
---Frame 40---
--endo--
231	371	416	409	426	440	451	423	401	400	374	353	336	310	212	290	238	288	325	334	
280	373	354	344	313	310	298	276	258	220	220	266	280	293	253	313	277	350	349	379	
--epi--
368	394	402	438	453	466	517	521	525	539	517	446	470	455	431	347	373	323	297	273	255	247	183	284	232	290	258	303	317	334	337	
402	405	396	401	360	350	329	322	292	262	237	168	164	157	153	91	145	105	156	208	227	276	213	316	308	323	347	402	408	414	405	
---Frame 41---
--endo--
227	369	417	404	425	437	446	421	399	398	374	351	334	308	210	294	233	288	325	332	
275	371	349	339	308	313	298	276	259	224	215	268	280	297	252	316	272	345	344	381	
--epi--
367	393	400	439	450	463	514	521	525	541	521	444	469	453	429	348	372	323	295	271	253	246	178	284	230	288	256	303	316	329	338	
397	400	392	404	355	349	328	317	287	266	240	172	159	155	152	86	140	108	160	212	229	271	217	320	307	319	347	397	403	409	400	
---Frame 42---
--endo--
230	369	416	402	421	432	443	420	399	398	373	351	334	308	211	294	237	289	325	332	
274	370	349	334	312	317	298	278	260	228	215	270	280	301	247	316	271	345	343	380	
--epi--
369	395	400	439	447	461	513	524	525	539	521	444	469	453	429	347	372	323	295	271	253	247	177	283	225	288	256	306	316	325	341	
395	398	390	404	355	348	328	316	287	266	240	176	159	156	152	85	139	108	164	216	230	270	218	321	302	319	347	396	402	412	397	
---Frame 43---
--endo--
230	369	417	401	420	429	441	418	399	398	375	351	334	308	211	291	237	288	327	332	
274	368	349	331	313	318	299	279	262	232	213	270	281	305	247	318	271	344	342	380	
--epi--
369	395	399	439	442	457	512	521	525	538	521	444	469	453	429	346	372	323	295	271	253	249	177	284	220	288	256	309	316	325	341	
395	398	389	404	358	346	332	317	287	267	240	180	159	157	153	83	139	108	168	218	231	269	217	320	297	318	346	395	402	411	397	
---Frame 44---
--endo--
230	369	419	401	418	425	439	417	395	398	373	349	334	309	211	293	237	287	327	332	
274	367	347	332	313	319	300	281	265	235	215	273	281	308	247	316	271	345	342	379	
--epi--
369	395	399	439	439	455	512	518	522	539	521	444	471	453	429	347	373	322	295	271	253	247	172	288	218	288	256	310	316	325	341	
395	398	387	404	357	346	336	321	289	267	240	183	159	159	154	84	139	108	171	216	230	270	219	319	294	318	345	395	402	411	397	
---Frame 45---
--endo--
225	369	418	400	413	425	437	415	394	398	373	348	334	309	207	296	237	287	329	332	
269	366	348	332	317	320	303	282	267	235	215	273	282	308	242	315	271	345	341	378	
--epi--
366	395	402	438	434	454	511	517	521	539	521	444	469	453	429	346	374	322	295	271	253	246	168	284	218	288	255	308	318	325	341	
395	398	391	403	361	345	340	325	285	267	240	183	159	160	155	85	138	108	171	218	229	270	221	320	295	317	340	395	401	410	397	
---Frame 46---
--endo--
222	369	417	399	411	425	436	410	391	398	375	348	334	309	207	293	237	289	325	332	
265	365	348	336	321	322	307	283	269	235	215	273	283	308	238	318	271	345	344	377	
--epi--
366	395	401	438	434	453	509	520	521	538	521	444	469	453	429	346	373	322	295	271	253	246	168	287	217	288	255	310	318	325	341	
395	398	391	404	360	345	344	327	286	268	240	183	159	162	156	86	140	109	171	220	224	270	221	320	293	312	335	394	401	409	397	
---Frame 47---
--endo--
222	369	412	399	411	425	436	408	390	398	376	351	334	309	206	297	236	289	325	332	
266	364	344	340	321	323	309	284	271	235	214	271	283	308	238	316	273	345	344	376	
--epi--
366	395	403	438	434	452	509	520	520	539	518	444	470	453	429	346	376	322	295	271	252	246	168	287	217	287	254	310	316	324	341	
395	398	389	404	360	345	344	327	285	268	241	183	158	162	156	86	138	109	171	222	220	270	221	321	293	308	332	394	402	409	397	
---Frame 48---
--endo--
222	369	407	397	411	423	436	408	388	398	374	347	334	309	206	297	235	292	326	332	
265	363	344	344	322	325	311	287	272	235	214	273	282	308	238	316	271	344	343	373	
--epi--
366	395	401	438	434	452	508	520	519	538	518	439	469	453	428	346	375	322	295	271	251	246	168	287	221	286	249	305	316	324	338	
395	398	390	404	360	345	344	327	283	268	241	183	159	163	156	86	139	109	171	221	220	270	222	321	293	308	327	396	402	407	398	
---Frame 49---
--endo--
222	369	404	397	411	423	436	408	388	398	374	346	334	306	206	293	237	223	327	332	
265	364	345	348	323	325	312	289	273	235	214	273	280	304	238	317	271	285	342	370	
--epi--
366	395	401	438	434	451	508	520	519	538	518	435	469	453	424	346	374	322	295	271	253	246	172	291	225	283	246	302	316	324	335	
398	398	390	402	360	344	344	327	282	268	241	182	158	164	154	86	139	109	171	222	222	270	223	318	293	308	322	396	402	406	402	
---Frame 50---
--endo--
226	369	403	398	411	423	436	408	387	398	375	345	334	301	208	291	237	226	329	332	
265	364	347	352	327	325	313	289	272	235	214	272	279	304	240	317	271	287	341	368	
--epi--
366	395	401	438	434	452	508	520	518	539	518	438	469	453	419	346	376	322	295	271	252	248	173	293	225	280	241	304	313	323	335	
398	398	390	404	360	344	340	327	280	268	241	177	159	164	152	86	138	109	169	226	217	269	224	317	293	308	317	395	397	408	403	
---Frame 51---
--endo--
224	367	401	397	410	418	431	403	385	396	373	343	332	305	206	286	235	224	324	332	
265	365	351	347	322	329	314	287	272	239	218	272	280	307	239	312	266	286	343	372	
--epi--
364	394	399	438	433	450	507	521	518	534	519	437	468	451	418	345	374	321	295	269	250	246	168	291	223	275	239	303	312	321	330	
396	393	386	405	355	343	335	331	275	272	245	172	154	163	147	88	138	113	164	221	221	270	223	312	288	303	315	390	392	410	406	
---Frame 52---
--endo--
224	367	401	397	410	416	426	402	385	396	373	343	332	305	206	281	236	224	324	332	
264	365	355	346	322	330	315	288	273	243	222	273	280	308	240	316	265	290	343	372	
--epi--
367	395	399	439	433	445	509	521	518	538	519	436	467	451	420	348	370	321	294	264	250	246	165	291	218	273	238	305	314	321	330	
391	392	387	405	354	347	333	331	274	274	245	167	158	163	146	89	140	113	164	218	223	271	223	307	284	298	313	388	390	411	407	
---Frame 53---
--endo--
222	370	401	397	411	415	423	402	385	396	373	343	332	304	206	276	234	224	324	335	
266	368	359	346	322	331	318	291	275	247	226	274	281	308	243	320	269	289	344	371	
--epi--
367	394	399	439	433	440	513	521	519	538	519	436	467	451	420	345	370	321	298	259	250	243	165	290	213	272	233	306	312	321	333	
391	393	387	407	354	351	332	331	275	274	245	162	158	164	147	89	140	113	163	219	224	274	224	304	279	297	308	388	391	412	402	
---Frame 54---
--endo--
217	372	401	397	408	414	423	402	385	396	373	342	331	303	206	276	234	223	324	335	
270	367	362	346	326	331	320	293	276	250	229	275	282	309	247	324	268	291	345	371	
--epi--
370	395	399	441	432	438	509	521	522	538	514	436	467	451	415	345	368	321	294	256	250	246	165	288	210	270	228	306	316	321	334	
390	393	390	404	356	355	333	331	274	274	240	162	159	163	151	90	141	111	164	223	228	278	224	304	281	297	305	389	390	414	397	
---Frame 55---
--endo--
216	372	401	399	405	411	422	402	385	396	373	340	328	305	204	271	229	219	325	332	
274	367	362	345	330	330	322	296	279	250	229	278	285	308	248	328	272	295	348	372	
--epi--
373	395	399	441	430	438	513	521	519	539	511	435	467	454	415	345	368	322	296	256	250	246	164	286	211	268	228	307	316	321	336	
389	393	393	405	360	358	332	331	275	274	235	162	159	159	155	90	142	112	163	227	226	276	225	304	283	301	303	388	390	414	396	
---Frame 56---
--endo--
215	373	401	397	406	411	423	402	385	396	373	338	325	307	204	270	226	220	320	332	
278	367	362	347	334	332	325	298	282	250	229	280	288	307	243	329	276	299	351	372	
--epi--
374	393	399	441	432	439	514	518	518	534	511	434	467	455	414	345	367	322	294	258	250	246	164	284	213	265	228	310	317	321	339	
389	397	397	404	361	362	332	326	274	278	231	162	160	158	159	90	145	112	164	227	229	280	226	305	283	305	303	388	391	414	395	
---Frame 57---
--endo--
215	375	401	400	407	411	422	402	385	396	368	333	323	307	204	270	226	218	315	332	
273	368	362	346	338	334	326	300	285	250	224	283	290	306	241	330	271	302	352	372	
--epi--
369	388	399	441	432	440	512	520	521	532	511	436	467	456	413	345	366	323	297	257	250	243	164	282	213	269	226	305	314	321	341	
391	401	400	404	363	365	332	321	273	280	232	157	161	158	159	90	147	112	163	227	232	284	227	309	279	309	303	390	392	415	395	
---Frame 58---
--endo--
211	378	397	401	409	412	423	402	389	396	365	331	322	307	204	268	230	222	311	332	
268	367	366	345	339	337	328	301	288	250	219	286	292	307	240	329	267	297	351	372	
--epi--
369	383	399	441	432	441	515	520	522	527	512	436	467	451	411	345	365	323	298	256	250	242	164	281	210	273	226	303	313	321	345	
391	405	401	404	363	367	331	321	274	275	234	152	161	153	160	90	150	110	162	227	232	284	227	313	278	313	302	390	392	416	394	
---Frame 59---
--endo--
207	381	396	396	409	412	423	402	392	396	365	330	320	307	206	268	230	224	315	332	
266	366	370	340	340	338	328	302	286	250	221	287	294	307	242	329	266	292	353	373	
--epi--
370	381	399	442	432	442	519	522	522	525	512	436	467	447	410	345	364	324	295	252	250	239	164	280	211	273	227	303	310	321	348	
390	404	401	404	364	367	330	320	274	270	234	150	163	148	160	89	152	112	163	226	232	284	225	316	278	317	302	390	396	414	392	
---Frame 60---
--endo--
207	384	397	396	408	413	424	402	389	396	365	330	320	308	206	270	229	224	317	332	
266	370	374	337	342	338	328	303	286	250	222	287	294	306	237	330	264	289	355	373	
--epi--
367	384	396	442	432	444	520	525	517	520	512	436	467	442	410	345	363	325	299	256	250	240	164	279	215	272	227	304	313	321	345	
391	406	405	406	365	367	330	319	275	268	234	149	167	143	161	89	153	111	161	230	230	282	225	319	278	319	302	389	392	412	393	
---Frame 61---
--endo--
205	384	395	397	406	411	424	400	387	395	360	332	322	309	204	265	227	222	316	333	
267	374	370	341	342	333	332	303	290	245	217	291	298	310	237	334	266	289	350	377	
--epi--
363	382	394	445	430	442	521	525	518	520	513	434	465	445	410	344	363	328	297	254	248	241	164	277	210	269	225	304	311	319	344	
395	406	406	406	366	365	325	314	270	263	229	146	167	146	165	92	148	113	164	228	234	277	229	322	273	323	301	384	396	414	388	
---Frame 62---
--endo--
205	384	395	399	406	411	425	400	387	395	355	332	323	308	204	262	227	222	316	333	
267	374	370	340	341	333	332	303	293	245	212	291	297	311	240	338	268	289	349	377	
--epi--
362	382	393	445	430	442	519	528	521	519	514	433	465	442	409	344	363	328	297	254	248	243	164	277	207	267	224	302	311	319	344	
399	406	405	408	370	366	324	313	269	263	228	147	169	147	166	92	147	113	166	228	238	275	229	322	268	327	301	388	400	412	387	
---Frame 63---
--endo--
200	383	395	402	406	411	424	400	387	394	354	333	322	308	204	262	222	222	316	332	
263	375	371	339	341	333	332	305	295	249	207	290	298	312	243	342	267	291	349	377	
--epi--
363	382	394	446	430	442	522	528	522	523	513	433	465	440	409	344	364	328	297	254	248	239	164	277	206	269	219	302	311	319	344	
403	406	405	406	374	370	323	313	268	261	229	142	172	142	166	94	146	111	167	232	239	277	229	321	270	331	304	392	402	413	387	
---Frame 64---
--endo--
195	383	390	403	406	411	428	400	387	394	358	333	325	310	204	262	217	222	316	331	
265	375	375	339	340	332	331	305	296	253	209	290	297	310	247	345	266	292	349	378	
--epi--
364	380	394	446	425	442	526	529	521	524	513	432	465	440	410	345	362	328	297	254	248	241	159	277	201	268	219	302	311	319	344	
406	409	405	408	370	374	322	313	268	262	229	137	176	139	165	92	147	113	171	234	243	275	227	320	269	334	304	396	406	417	387	
---Frame 65---
--endo--
193	383	394	405	406	411	427	400	389	394	360	331	326	308	204	259	216	222	314	331	
267	376	376	340	339	331	331	305	292	257	210	292	297	312	251	345	265	291	353	378	
--epi--
365	382	389	448	420	442	527	460	516	521	511	431	465	440	410	344	358	328	297	254	248	241	158	277	200	268	217	297	306	319	343	
410	410	406	405	371	378	323	254	269	262	228	136	180	141	167	91	151	113	174	234	241	275	226	324	267	334	301	400	410	420	391	
---Frame 66---
--endo--
192	384	397	408	406	406	429	395	390	394	359	331	324	308	204	258	215	222	314	331	
269	374	378	339	339	328	331	302	290	261	211	292	298	312	252	345	269	289	357	378	
--epi--
360	382	391	449	417	441	524	463	519	519	511	430	460	440	412	345	358	328	297	254	248	241	158	277	200	268	217	292	302	319	343	
414	413	407	405	375	382	324	256	268	262	228	134	184	143	166	90	155	113	175	237	244	275	226	328	267	334	300	404	414	419	395	
---Frame 67---
--endo--
192	386	397	412	406	408	431	390	389	394	358	331	323	307	204	258	214	222	314	331	
268	374	378	343	334	328	331	300	292	265	212	291	299	312	250	345	273	289	361	378	
--epi--
358	382	394	450	417	442	527	463	522	521	514	430	464	440	414	347	357	328	295	254	248	239	158	277	200	267	219	293	306	319	343	
418	415	408	405	379	386	323	260	268	263	228	134	188	144	165	91	159	113	175	232	244	277	226	328	266	334	299	408	418	423	399	
---Frame 68---
--endo--
187	381	396	416	406	410	435	392	392	394	358	329	322	302	204	257	214	222	313	331	
267	369	380	347	330	327	329	297	289	265	212	293	299	310	252	345	268	284	365	378	
--epi--
359	382	394	451	413	442	522	463	522	520	514	425	465	440	416	347	352	328	294	254	248	243	159	278	200	263	221	293	307	319	343	
422	419	412	404	376	390	324	260	268	262	228	138	192	143	163	91	163	113	175	231	239	275	226	325	263	334	299	412	422	426	403	
---Frame 69---
--endo--
187	381	398	420	406	411	439	391	387	394	357	330	319	301	204	252	214	222	313	331	
267	364	378	348	327	323	324	293	284	262	211	292	300	307	249	340	266	283	367	378	
--epi--
359	382	394	451	414	442	526	463	523	523	513	422	464	435	413	346	351	327	294	252	248	240	158	279	200	259	222	293	307	319	343	
425	423	416	404	376	394	323	260	267	262	228	137	195	146	166	94	165	114	170	230	234	277	226	323	263	334	299	416	425	427	407	
---Frame 70---
--endo--
191	382	402	424	406	411	439	391	387	394	355	330	314	301	204	247	214	222	312	331	
267	359	378	349	327	323	319	288	279	259	208	291	295	303	252	342	266	284	368	378	
--epi--
359	382	394	451	412	442	527	463	520	520	514	422	464	435	416	346	350	327	293	252	248	242	159	274	200	257	225	292	307	319	343	
426	427	420	404	377	398	322	260	268	263	228	136	196	150	163	91	164	114	173	230	236	275	226	321	263	333	299	417	425	427	411	
---Frame 71---
--endo--
191	380	400	422	407	409	441	389	385	392	350	325	312	299	202	245	218	220	312	331	
262	363	382	352	322	318	323	283	274	254	207	286	290	298	252	346	266	284	372	373	
--epi--
357	380	392	449	407	442	526	464	520	520	515	417	462	430	419	349	349	330	293	247	243	240	157	272	195	252	224	290	306	317	341	
428	429	424	408	374	393	317	264	263	258	232	140	198	154	166	91	159	114	168	234	235	276	226	320	262	328	294	416	420	431	415	
---Frame 72---
--endo--
193	380	400	422	405	409	445	389	385	393	345	322	312	299	202	245	218	220	312	331	
260	364	386	353	322	313	321	278	269	253	206	281	285	294	255	350	268	285	372	373	
--epi--
357	380	393	449	402	446	528	468	520	520	515	412	462	425	418	349	351	329	294	249	246	240	157	271	193	247	226	290	308	317	341	
430	431	425	410	369	390	316	263	262	258	232	142	193	158	167	91	159	115	166	233	236	275	226	315	261	332	293	416	418	434	419	
---Frame 73---
--endo--
191	380	400	422	407	409	448	389	385	393	340	322	312	300	202	245	218	218	312	332	
262	368	381	355	321	308	320	273	264	253	210	276	280	297	255	354	268	284	372	372	
--epi--
357	380	392	449	397	446	528	470	519	520	515	412	462	426	416	349	354	328	293	249	246	241	160	270	189	246	226	290	311	317	341	
431	434	429	411	365	390	316	262	263	258	232	142	195	162	167	93	158	117	167	231	235	270	230	310	265	333	294	417	417	433	423	
---Frame 74---
--endo--
191	380	400	422	407	409	451	389	385	396	340	323	312	296	202	245	218	218	312	332	
262	372	376	355	320	308	319	268	259	252	205	271	275	292	255	357	267	282	373	373	
--epi--
357	378	392	449	397	445	531	473	521	520	515	411	462	426	411	348	357	328	295	250	246	243	160	269	188	245	227	290	308	317	341	
432	437	431	411	362	392	315	261	263	257	232	141	196	160	167	92	157	117	166	229	234	268	230	307	269	333	293	416	418	433	427	
---Frame 75---
--endo--
191	380	400	422	410	409	454	389	385	391	340	323	312	295	202	245	219	218	313	332	
262	374	371	354	319	308	314	263	254	247	201	266	270	287	255	357	267	282	372	373	
--epi--
357	378	392	449	397	449	534	473	522	519	518	410	462	422	406	347	360	329	293	245	241	243	160	268	187	244	229	290	308	317	341	
435	439	432	412	362	389	315	261	262	258	231	139	198	155	171	93	156	116	168	224	230	269	230	306	273	332	292	418	418	435	431	
---Frame 76---
--endo--
191	380	400	422	413	404	454	389	387	388	340	323	312	293	202	245	219	217	312	333	
262	374	369	356	318	303	309	258	250	244	196	261	266	282	254	357	266	282	374	371	
--epi--
357	378	392	449	397	445	529	473	519	520	518	410	462	421	401	348	363	329	297	240	239	245	160	267	187	244	228	290	308	317	341	
439	443	436	413	365	392	316	261	263	257	231	139	199	150	169	93	154	116	167	219	225	268	230	306	277	332	293	420	418	436	435	
---Frame 77---
--endo--
191	380	400	422	416	399	454	393	387	387	340	327	314	291	202	245	219	217	313	332	
262	374	370	360	317	298	306	257	250	244	193	256	264	282	254	357	266	282	372	373	
--epi--
357	378	392	449	397	446	531	473	519	521	518	410	462	421	401	348	360	330	298	238	234	249	157	266	186	243	232	290	311	317	341	
443	447	440	414	369	392	316	261	263	258	231	141	198	148	172	94	155	116	166	216	221	266	234	306	278	334	290	422	417	437	435	
---Frame 78---
--endo--
191	380	400	420	419	396	454	395	389	389	340	331	315	289	202	245	219	217	312	332	
262	374	374	357	316	293	304	258	250	239	193	260	265	281	249	357	266	282	374	373	
--epi--
357	379	392	449	397	446	531	473	519	521	518	409	462	421	396	346	361	330	297	237	233	248	152	265	186	243	230	290	312	317	341	
447	451	443	415	373	391	316	261	263	258	231	139	199	147	175	92	154	116	167	215	221	267	237	306	277	334	291	423	417	438	439	
---Frame 79---
--endo--
191	379	400	421	419	396	454	395	387	390	340	329	315	288	202	245	219	217	312	332	
262	374	375	361	316	288	304	258	248	234	193	262	266	281	249	357	267	282	373	372	
--epi--
357	380	392	449	397	444	531	473	519	521	521	409	462	421	397	347	358	330	299	237	233	249	151	264	186	242	231	290	315	317	345	
451	455	445	416	376	392	316	261	263	258	230	138	195	147	175	92	156	116	165	215	221	267	237	306	278	335	291	425	416	439	435	
---Frame 80---
--endo--
192	380	400	422	421	396	454	393	388	393	340	330	315	288	202	245	220	216	312	332	
262	374	377	361	312	287	304	257	249	232	193	265	265	281	253	357	265	282	372	372	
--epi--
357	380	387	449	397	444	532	473	519	521	524	409	464	421	396	350	361	330	299	237	233	248	151	263	186	242	227	290	314	317	345	
455	459	445	416	377	392	315	261	263	258	229	139	191	147	174	94	154	116	165	215	221	268	237	306	278	334	293	426	417	440	434	
---Frame 81---
--endo--
192	377	400	420	422	391	452	397	388	392	341	330	313	286	200	240	216	214	313	332	
257	378	381	365	307	291	299	260	253	227	188	269	260	279	253	352	260	283	376	367	
--epi--
355	379	387	450	392	444	530	474	518	521	528	410	462	416	396	345	359	325	298	235	231	248	149	263	184	239	227	288	313	316	343	
459	454	440	411	374	387	315	265	258	253	232	143	192	146	178	90	149	111	160	217	218	272	238	310	282	338	288	425	412	435	431	
---Frame 82---
--endo--
191	376	399	420	423	386	452	397	389	392	339	325	313	286	200	239	216	214	312	332	
257	382	383	367	305	292	295	260	253	226	188	273	255	279	254	347	261	283	377	366	
--epi--
355	381	387	450	387	444	530	474	521	521	530	410	462	411	397	349	363	322	299	230	229	247	149	262	184	239	228	288	315	318	343	
463	452	440	410	378	387	310	265	257	253	231	143	192	150	178	87	148	106	159	212	213	273	238	311	282	342	288	425	412	433	432	
---Frame 83---
--endo--
193	378	399	420	425	386	452	395	389	392	341	323	313	286	200	238	216	214	312	331	
255	384	382	368	304	287	293	261	253	226	188	277	255	280	255	344	261	283	376	367	
--epi--
355	384	385	450	382	444	530	473	523	524	531	410	462	409	395	350	365	317	300	228	229	247	149	262	184	238	228	288	316	321	343	
467	451	444	411	382	386	305	265	257	252	232	143	191	154	180	88	147	102	160	207	208	273	238	311	282	346	288	425	411	432	432	
---Frame 84---
--endo--
193	378	399	420	422	390	452	396	388	392	341	323	313	285	200	237	216	214	311	333	
255	386	382	368	305	286	292	260	253	226	188	276	255	279	256	343	260	283	378	365	
--epi--
354	382	385	451	383	444	530	474	523	524	531	410	462	411	396	349	365	317	302	228	229	247	149	261	184	237	228	288	318	318	343	
471	452	446	409	386	386	305	265	257	252	232	143	188	151	178	87	148	102	159	202	208	273	238	306	282	347	288	425	411	433	431	
---Frame 85---
--endo--
191	378	402	420	418	392	452	396	389	392	342	322	313	284	200	235	216	214	311	331	
257	388	381	367	300	290	291	261	254	226	187	279	256	279	260	343	261	284	377	367	
--epi--
354	385	385	454	379	443	530	474	518	520	532	413	462	412	391	353	296	316	306	228	227	244	149	260	184	237	228	288	318	318	343	
475	451	446	407	387	386	305	265	258	253	231	142	186	151	182	87	89	102	157	200	211	268	238	301	283	349	288	426	411	433	432	
---Frame 86---
--endo--
192	378	405	420	418	388	452	393	389	392	345	323	313	283	200	235	216	214	311	326	
256	389	380	371	297	294	289	263	254	226	185	280	256	281	261	342	261	283	377	371	
--epi--
354	388	385	451	383	443	530	477	521	522	533	413	462	415	392	354	299	316	308	225	228	248	149	260	184	236	230	288	322	318	343	
479	450	448	409	391	386	305	264	257	253	232	142	186	155	177	88	91	102	156	202	206	263	238	298	283	349	287	426	409	433	432	
---Frame 87---
--endo--
192	378	408	420	419	383	452	396	389	392	343	321	313	282	200	235	216	214	311	321	
256	389	379	373	297	298	289	261	253	226	187	280	257	280	260	343	261	284	377	375	
--epi--
355	386	385	455	386	443	530	477	524	520	531	416	462	418	391	352	303	317	309	225	223	249	149	260	183	236	232	288	325	318	343	
483	451	449	405	392	386	308	264	256	253	231	141	190	158	172	86	94	102	156	200	210	263	238	297	285	344	286	427	407	433	433	
---Frame 88---
--endo--
192	378	408	420	419	381	452	396	389	392	343	324	313	286	200	234	216	214	311	319	
256	389	379	369	297	302	289	260	253	226	187	280	257	276	259	344	261	284	377	378	
--epi--
355	389	385	455	385	443	530	477	526	520	533	416	462	413	388	349	307	317	308	223	220	252	149	259	183	236	236	288	325	321	344	
487	450	450	405	392	386	305	264	256	253	231	141	193	155	176	86	92	102	157	202	210	261	238	298	285	348	285	427	407	432	428	
---Frame 89---
--endo--
192	378	411	420	419	381	452	396	387	392	344	322	313	286	200	234	215	214	311	320	
256	389	379	370	297	302	289	261	255	226	186	280	258	276	259	344	262	285	377	380	
--epi--
356	392	385	455	389	443	530	479	526	520	533	413	462	412	392	353	311	316	305	223	221	253	149	258	182	236	235	288	326	321	343	
491	450	451	407	392	386	300	263	256	253	231	142	188	154	176	87	91	102	158	200	206	260	238	299	289	349	284	427	407	432	432	
---Frame 90---
--endo--
193	378	415	420	419	381	452	397	388	392	347	323	313	286	200	233	215	214	311	324	
256	389	383	372	297	302	289	260	253	226	184	280	258	277	261	342	263	285	377	383	
--epi--
356	391	380	456	392	443	530	481	524	520	534	416	462	413	392	349	315	317	302	223	221	249	149	258	182	235	238	288	324	324	343	
491	450	454	404	392	386	300	261	256	253	231	141	187	155	175	86	95	102	159	200	206	261	238	300	288	349	283	425	409	431	434	
---Frame 91---
--endo--
193	373	415	418	417	379	453	401	390	390	342	318	311	284	198	228	213	212	311	324	
251	384	387	376	293	297	293	263	257	230	188	284	260	279	264	337	265	285	381	387	
--epi--
351	391	378	460	392	443	528	481	524	521	537	414	460	414	389	350	315	320	302	221	219	247	147	260	180	233	238	289	319	323	341	
495	445	453	404	396	381	295	265	251	248	235	139	189	159	170	89	90	104	154	199	206	265	238	304	291	350	287	420	413	426	438	
---Frame 92---
--endo--
194	371	414	418	419	379	455	400	388	390	337	317	311	284	198	227	213	212	310	323	
250	383	388	380	292	292	292	264	257	234	192	284	260	280	264	334	265	288	383	388	
--epi--
346	389	378	460	389	444	528	482	527	519	537	414	455	411	388	350	314	321	306	221	219	247	147	258	180	233	238	287	314	323	341	
499	449	454	404	400	380	290	265	250	247	235	139	193	154	169	89	88	104	151	200	205	265	238	305	292	349	287	419	417	425	441	
---Frame 93---
--endo--
195	375	414	418	423	379	455	400	389	390	338	321	311	284	198	227	213	212	310	323	
249	378	388	380	291	287	292	264	258	237	196	288	261	280	265	333	266	288	383	388	
--epi--
345	389	378	460	390	443	528	482	524	521	535	414	453	408	389	350	314	321	302	221	219	247	147	259	180	233	238	289	309	323	341	
503	453	456	404	404	381	285	265	251	248	235	135	197	158	170	89	88	104	154	199	203	266	238	305	292	349	287	420	421	425	443	
---Frame 94---
--endo--
195	376	413	418	424	379	458	400	388	390	339	319	311	284	198	226	213	212	310	323	
249	382	391	378	290	282	291	264	258	239	199	292	261	281	265	328	266	288	382	388	
--epi--
345	389	378	460	390	447	528	485	524	519	537	414	454	410	384	349	314	321	302	221	219	242	147	259	180	232	238	287	306	323	341	
506	457	457	404	407	378	285	264	251	247	234	133	199	162	165	88	88	102	154	199	203	269	238	305	292	351	287	420	420	425	442	
---Frame 95---
--endo--
195	371	413	418	425	379	461	401	388	390	339	317	311	284	198	226	213	212	310	323	
249	386	391	378	289	277	290	263	257	240	203	289	262	281	265	327	266	288	382	388	
--epi--
345	389	378	461	390	447	528	485	524	522	538	414	453	411	382	349	314	321	304	221	219	240	147	259	180	231	238	288	306	323	341	
506	461	458	406	407	378	285	264	251	247	235	133	199	160	168	88	88	102	152	199	204	271	238	305	292	354	287	420	421	426	442	
---Frame 96---
--endo--
194	370	413	418	428	374	464	400	388	390	340	318	311	286	198	225	213	211	310	323	
250	381	393	373	289	272	289	264	257	240	207	284	262	281	265	327	265	288	382	388	
--epi--
346	389	378	462	390	445	528	486	524	519	538	414	454	406	383	349	314	322	301	221	219	240	147	259	180	231	238	284	306	326	341	
506	464	459	403	407	379	285	264	251	247	235	137	198	158	166	88	88	104	154	199	204	271	238	305	292	356	287	415	421	425	443	
---Frame 97---
--endo--
194	368	413	413	354	377	464	400	389	390	340	318	311	286	198	225	213	210	310	323	
250	376	392	368	232	267	289	265	257	241	211	283	262	281	265	327	265	289	382	388	
--epi--
346	389	381	462	390	447	528	487	524	523	538	409	456	403	384	351	314	321	302	220	219	240	147	259	180	231	238	284	305	327	341	
506	468	458	403	407	378	285	263	251	246	235	137	199	162	167	89	88	102	153	200	204	272	238	305	291	360	287	415	420	424	442	
---Frame 98---
--endo--
194	369	413	408	358	380	461	400	389	390	339	317	311	286	198	225	213	209	310	323	
250	379	395	363	236	265	290	265	258	241	215	283	262	281	265	327	265	290	382	388	
--epi--
346	389	381	460	390	443	528	488	524	521	538	406	457	398	382	349	314	322	303	220	219	240	147	258	180	229	238	284	305	325	341	
506	472	458	406	407	381	285	263	251	247	235	132	198	166	163	89	88	102	152	201	204	272	238	306	290	361	287	415	420	426	443	
---Frame 99---
--endo--
194	365	413	412	360	380	461	400	389	390	339	317	311	286	198	224	213	210	310	323	
250	383	396	364	237	265	290	265	258	241	215	282	262	281	269	327	265	290	382	388	
--epi--
346	389	381	460	390	444	528	488	524	524	540	406	456	393	386	349	314	321	303	219	219	239	147	259	180	224	237	284	304	325	341	
506	476	458	405	407	380	285	263	251	247	234	128	196	166	163	89	88	102	152	204	205	272	238	305	290	361	288	416	420	426	444	
---Frame 100---
--endo--
193	365	413	416	364	380	464	403	388	390	340	318	311	285	198	224	213	210	310	323	
250	383	394	368	236	265	289	262	258	241	215	283	261	282	273	327	264	290	382	388	
--epi--
346	389	381	462	390	443	528	488	524	522	538	405	457	394	384	349	314	322	303	219	219	236	147	259	180	220	237	283	304	325	341	
506	480	458	403	407	380	285	263	251	246	234	126	199	166	166	89	87	104	152	204	205	273	238	304	291	364	288	416	420	426	443	
---Frame 101---
--endo--
192	360	411	414	368	378	464	401	392	390	338	316	309	283	197	222	216	208	310	323	
245	387	393	364	240	260	293	257	262	245	219	287	262	283	268	322	266	291	386	392	
--epi--
344	387	382	460	394	441	532	488	523	523	541	404	456	390	387	351	314	317	301	217	217	234	147	259	180	218	237	286	302	323	340	
510	475	462	406	411	384	288	267	246	241	237	121	194	170	169	91	90	102	156	207	206	275	242	308	286	367	292	419	424	430	438	
---Frame 102---
--endo--
194	357	411	414	372	378	464	396	391	389	338	316	309	283	197	222	216	208	309	322	
243	391	394	362	239	255	293	254	261	246	223	291	261	283	267	322	266	291	387	393	
--epi--
344	390	382	460	398	441	535	489	523	524	541	407	456	385	386	350	313	312	301	217	217	234	147	258	182	218	237	289	302	323	340	
514	473	462	406	409	380	287	267	245	239	237	119	193	173	171	93	89	102	151	207	210	275	242	309	285	366	293	418	428	434	437	
---Frame 103---
--endo--
194	353	411	414	376	378	467	396	392	389	338	316	309	283	197	222	216	208	309	322	
243	395	394	364	238	250	292	254	261	246	226	295	261	282	267	322	266	292	387	393	
--epi--
344	393	382	460	402	443	538	489	523	528	542	407	458	380	384	352	313	310	296	217	216	234	147	259	184	218	237	290	302	323	340	
518	472	462	406	407	375	286	267	245	238	238	119	192	177	172	91	90	102	153	208	214	275	242	308	284	365	293	418	430	436	437	