Total AVI Frames: 104
Frames Processed: 104
endoPoints: 20
epiPoints: 31
---Frame 0---
--endo--
369	400	429	452	476	486	479	458	433	404	374	346	318	294	277	269	275	287	311	339	
408	406	397	383	354	322	294	270	250	237	235	241	254	273	300	328	356	383	401	411	
--epi--
390	419	448	474	501	519	535	542	543	538	528	511	491	466	438	406	376	347	318	291	275	259	256	252	252	257	266	283	305	331	360	
457	454	446	431	411	388	361	331	301	273	243	218	196	178	166	157	155	165	177	197	218	248	276	304	333	361	391	415	434	448	455	
---Frame 1---
--endo--
304	335	364	387	411	421	414	393	368	339	309	281	253	229	281	273	273	222	246	341	
343	341	332	318	289	257	229	205	185	172	170	176	189	208	297	325	355	318	336	408	
--epi--
325	354	383	475	436	454	470	477	478	473	463	446	426	401	373	341	311	282	253	226	210	194	191	187	187	192	201	218	240	266	356	
392	389	381	430	346	323	296	266	236	208	178	153	131	113	101	92	90	100	112	132	153	183	211	239	268	296	326	350	369	383	450	
---Frame 2---
--endo--
305	339	368	391	415	424	418	397	372	343	310	282	257	233	283	273	274	226	250	344	
347	345	336	322	293	261	233	209	189	176	174	180	193	212	301	325	351	322	340	410	
--epi--
329	358	387	475	440	458	471	480	480	477	467	450	430	404	376	342	315	286	257	230	212	197	195	191	191	196	205	222	244	270	356	
396	393	385	434	350	327	300	270	240	212	182	157	135	117	104	93	94	104	116	136	157	187	215	243	272	300	330	354	373	387	450	
---Frame 3---
--endo--
306	343	372	395	419	424	422	401	376	346	314	284	261	237	284	276	274	230	254	344	
351	349	340	326	297	265	237	213	193	180	178	184	197	216	303	323	353	326	344	412	
--epi--
333	362	391	475	444	462	475	480	480	481	471	449	429	408	380	346	319	287	258	234	214	198	196	195	195	196	209	226	248	274	356	
400	397	389	432	354	331	304	274	244	216	186	161	139	121	108	97	98	107	120	140	161	191	219	247	276	302	334	358	377	391	450	
---Frame 4---
--endo--
310	347	376	397	423	428	426	405	380	346	318	288	265	241	285	278	277	234	258	344	
355	353	344	330	301	269	241	217	197	184	182	188	201	220	307	323	349	330	348	408	
--epi--
337	366	395	474	448	466	479	484	483	485	475	450	433	412	381	350	322	291	262	238	218	202	200	199	199	196	213	230	252	278	356	
404	401	393	432	358	335	308	278	248	220	190	165	143	125	112	101	102	111	124	144	165	195	223	251	280	305	338	362	381	395	450	
---Frame 5---
--endo--
313	343	374	395	427	430	426	407	382	349	316	292	266	245	287	281	276	238	257	341	
357	356	346	333	300	271	242	220	201	188	184	191	200	219	309	319	353	329	350	408	
--epi--
341	366	397	474	444	465	477	488	487	487	473	453	434	414	385	353	324	295	266	236	222	203	201	203	200	200	210	231	248	275	355	
403	402	394	432	361	337	311	282	251	222	194	169	144	124	115	105	103	112	126	146	167	198	225	251	281	309	342	361	385	397	452	
---Frame 6---
--endo--
310	341	375	395	424	426	427	405	379	353	314	290	263	249	288	281	279	234	261	342	
361	359	346	335	300	275	241	220	204	186	187	193	202	218	313	321	349	333	348	406	
--epi--
343	366	397	474	442	464	478	485	482	489	470	456	438	409	380	351	325	294	268	237	221	204	205	207	201	202	213	226	251	276	357	
402	402	394	430	365	337	310	283	255	221	196	166	144	128	119	105	103	113	124	146	168	197	223	249	280	309	339	364	383	395	448	
---Frame 7---
--endo--
314	345	377	398	425	425	430	402	380	350	316	289	263	244	290	283	282	231	256	342	
357	355	345	332	300	277	239	219	203	187	185	195	203	220	309	319	345	335	351	406	
--epi--
345	363	400	473	445	466	479	484	482	492	473	454	438	412	378	352	327	293	265	239	224	199	202	209	197	204	211	225	249	277	357	
402	404	392	426	360	336	309	283	259	219	194	167	144	126	120	106	101	114	127	145	166	200	224	249	282	308	340	366	385	394	448	
---Frame 8---
--endo--
312	348	379	396	423	424	428	399	381	353	318	290	259	244	289	285	283	232	260	342	
359	353	344	334	302	281	239	220	203	185	185	194	207	220	311	315	345	335	348	408	
--epi--
343	364	395	472	443	469	482	482	484	493	474	452	440	410	379	356	328	290	268	236	228	198	201	209	196	200	214	222	246	275	354	
402	403	395	430	362	335	308	287	260	219	196	169	142	127	122	104	101	117	124	147	164	204	224	249	284	311	338	368	386	396	452	
---Frame 9---
--endo--
315	344	376	397	427	423	426	400	381	353	321	292	258	245	289	285	283	228	261	342	
357	355	345	334	300	285	239	220	202	186	184	192	209	219	311	315	345	337	348	408	
--epi--
343	367	391	474	440	465	479	482	486	488	477	450	444	414	378	352	328	293	271	240	224	202	203	205	199	199	213	221	249	276	354	
402	402	398	430	364	337	309	287	256	220	192	172	141	125	119	104	100	114	123	145	165	201	225	249	283	313	339	371	384	396	452	
---Frame 10---
--endo--
319	345	374	400	422	422	429	397	381	353	318	289	257	243	289	285	283	230	260	343	
355	356	347	332	303	287	238	224	201	186	186	194	210	221	311	315	345	336	348	408	
--epi--
342	364	390	474	441	465	481	482	487	486	476	450	441	412	381	356	331	292	271	244	223	201	207	209	201	200	217	225	246	279	352	
402	405	400	434	364	337	309	287	252	221	193	172	142	128	119	104	100	114	122	144	166	201	221	249	282	311	337	367	385	395	456	
---Frame 11---
--endo--
254	280	309	335	357	357	364	332	385	288	253	224	192	239	292	288	285	165	195	347	
290	291	282	267	238	222	173	159	196	121	121	129	145	216	312	312	342	271	283	409	
--epi--
346	299	325	474	376	400	416	417	422	421	411	385	376	347	316	291	266	293	271	241	226	136	209	208	204	135	217	160	181	214	347	
399	340	335	433	299	272	244	222	187	156	128	107	77	63	54	39	35	117	117	139	161	136	218	246	279	246	334	302	320	330	451	
---Frame 12---
--endo--
255	284	313	339	361	359	368	336	388	289	254	225	196	238	292	290	285	169	199	351	
294	295	286	271	242	226	177	163	194	125	125	133	149	218	312	316	340	275	287	405	
--epi--
350	303	329	472	380	404	417	421	424	425	415	389	380	350	319	291	266	293	274	244	228	139	210	210	206	139	218	164	185	218	347	
399	344	339	431	303	276	248	226	191	160	132	111	81	67	56	39	35	117	115	135	157	140	218	244	275	250	334	306	324	334	451	
---Frame 13---
--endo--
259	288	317	343	365	360	372	338	385	293	258	227	200	238	293	288	284	173	203	354	
298	299	290	275	246	230	181	167	196	129	129	137	153	218	310	312	342	279	291	403	
--epi--
348	307	333	473	384	408	421	425	424	429	419	389	378	354	319	291	266	293	278	241	228	140	214	213	206	139	220	168	189	222	349	
401	348	343	433	307	280	252	230	195	164	136	115	85	71	56	39	35	121	111	139	157	144	216	240	275	252	332	310	328	338	449	
---Frame 14---
--endo--
263	292	321	347	369	360	376	342	388	296	262	231	204	241	293	289	284	177	207	349	
302	303	294	279	250	234	185	171	192	133	133	141	157	214	314	312	342	283	295	399	
--epi--
346	311	337	473	388	412	425	428	425	433	423	389	379	358	323	291	266	293	278	240	230	144	218	215	207	139	220	172	193	226	350	
397	352	347	433	311	284	256	233	199	168	140	119	89	75	60	39	35	119	111	141	155	148	216	238	273	252	332	314	332	342	449	
---Frame 15---
--endo--
266	288	323	346	370	364	378	341	389	297	266	232	206	242	294	292	287	179	210	353	
303	307	295	280	252	238	186	174	190	137	135	145	157	212	310	314	338	283	295	395	
--epi--
347	312	338	472	384	407	426	425	425	433	427	392	383	356	323	291	266	293	278	243	227	145	218	213	205	139	224	169	190	228	348	
393	353	347	429	315	287	258	234	200	170	139	122	91	78	64	39	35	121	111	137	159	151	216	240	275	252	328	318	335	342	451	
---Frame 16---
--endo--
261	288	322	343	367	364	377	338	384	301	267	235	204	242	295	293	289	182	213	353	
306	308	295	284	253	240	186	178	194	134	134	143	158	212	308	312	334	282	294	399	
--epi--
347	312	342	472	384	410	428	424	429	431	426	391	387	355	326	291	266	293	275	241	229	145	218	213	204	139	220	166	188	226	345	
391	353	345	429	316	286	256	235	204	173	139	125	89	77	68	39	35	119	113	141	157	151	216	240	277	252	332	320	337	342	455	
---Frame 17---
--endo--
258	288	322	346	363	362	372	342	381	299	267	238	206	246	296	294	290	186	217	354	
309	309	295	280	256	242	187	173	198	136	133	142	157	216	308	314	334	281	293	403	
--epi--
347	312	344	470	381	409	428	420	432	430	427	389	387	357	326	291	266	293	277	240	231	145	218	213	207	139	221	168	190	227	347	
391	352	345	433	316	289	257	238	207	175	139	128	89	75	69	39	35	115	111	143	155	151	216	240	273	252	330	318	335	342	453	
---Frame 18---
--endo--
257	291	317	348	365	362	372	343	381	298	265	239	205	247	297	295	291	182	213	358	
311	305	298	280	254	242	190	172	198	137	134	141	157	220	310	318	334	282	294	407	
--epi--
347	312	348	470	382	405	427	420	430	430	423	389	386	352	326	291	266	293	275	242	230	145	218	210	209	139	218	171	189	227	348	
391	352	344	431	316	292	257	238	209	176	141	130	90	77	69	39	35	113	113	141	157	151	216	244	271	252	334	316	335	341	453	
---Frame 19---
--endo--
259	292	319	344	364	365	373	343	380	298	266	234	204	247	298	296	292	186	213	358	
308	305	297	283	257	238	189	173	198	136	134	142	158	222	314	320	334	281	294	411	
--epi--
348	311	347	470	384	404	424	421	430	431	424	389	389	353	325	291	266	288	271	241	232	145	218	210	209	139	221	169	187	223	349	
391	352	344	429	315	295	260	238	209	171	140	130	89	78	70	39	35	113	117	143	155	151	216	244	271	252	330	317	339	344	453	
---Frame 20---
--endo--
259	291	319	340	368	361	372	342	383	297	269	233	208	247	300	298	292	186	217	353	
308	306	297	287	252	241	193	173	194	139	133	143	157	224	310	318	336	281	293	415	
--epi--
346	311	344	468	385	406	422	421	429	428	423	390	390	354	324	291	266	291	274	244	232	146	218	212	211	139	225	171	191	225	351	
395	353	345	433	314	290	261	240	213	175	141	129	89	78	70	39	35	109	115	139	155	150	220	242	269	252	326	316	334	342	451	
---Frame 21---
--endo--
194	226	322	275	303	296	375	277	379	292	273	236	143	244	303	301	296	121	218	288	
243	241	294	222	187	176	190	108	193	134	136	140	92	219	307	315	331	216	290	350	
--epi--
350	308	279	465	320	341	357	356	433	363	358	325	325	354	319	290	264	291	276	244	235	81	222	212	213	74	160	106	126	160	347	
392	352	280	428	249	225	196	175	210	110	76	64	24	79	71	38	34	106	112	136	150	85	215	239	264	187	261	251	269	277	448	
---Frame 22---
--endo--
196	230	326	279	307	298	375	281	379	290	273	236	147	244	307	305	298	125	218	292	
247	245	290	226	191	180	190	112	193	136	138	140	96	217	307	317	329	220	290	354	
--epi--
353	308	283	463	324	345	361	359	434	367	362	329	329	357	315	290	264	291	280	244	236	81	225	212	213	78	164	110	130	164	346	
394	352	284	432	253	229	200	179	208	114	80	68	24	83	69	38	34	106	112	136	148	85	211	239	264	188	265	255	273	281	450	
---Frame 23---
--endo--
200	234	326	282	311	298	379	283	379	290	274	236	151	244	308	303	298	129	218	296	
251	249	294	230	195	184	186	116	193	136	140	140	100	217	307	313	331	224	290	358	
--epi--
350	309	287	463	328	349	365	363	433	370	366	329	329	357	317	290	264	291	280	244	237	81	222	212	212	78	168	114	134	168	350	
390	350	288	430	257	233	204	183	210	118	84	72	24	83	65	38	34	106	114	136	146	85	215	239	266	188	269	259	277	285	446	
---Frame 24---
--endo--
204	238	324	283	315	298	383	287	381	289	274	236	155	246	308	304	299	133	218	300	
255	253	298	234	199	186	182	120	191	138	136	140	104	215	303	313	331	228	290	362	
--epi--
354	309	291	462	332	353	366	364	433	374	370	330	329	356	315	290	264	291	278	245	237	81	224	213	212	78	172	118	138	172	351	
386	352	292	432	261	237	208	187	210	122	87	76	24	83	69	38	34	106	110	136	146	85	213	239	266	188	273	263	281	289	446	
---Frame 25---
--endo--
201	234	322	285	317	299	383	287	381	289	274	236	158	246	308	305	301	131	219	302	
259	256	294	238	202	190	180	123	191	138	134	140	103	215	305	313	329	230	288	364	
--epi--
353	310	289	462	331	354	370	363	433	377	368	333	329	357	315	290	264	291	282	245	239	81	227	213	214	78	174	122	140	173	353	
388	350	293	432	263	237	212	187	210	121	88	78	24	87	69	38	34	106	106	136	144	85	209	239	264	188	273	262	281	290	446	
---Frame 26---
--endo--
204	238	326	288	318	303	383	284	385	289	275	236	158	246	309	306	300	131	222	303	
256	255	290	237	201	194	180	124	187	138	130	140	103	215	305	313	331	230	284	363	
--epi--
357	312	289	462	332	354	374	361	434	378	369	331	329	357	317	290	264	291	280	245	236	81	229	216	214	78	171	125	135	170	353	
386	346	294	432	262	237	210	189	208	122	88	79	24	87	71	38	34	106	108	136	148	85	207	235	264	188	274	261	285	291	448	
---Frame 27---
--endo--
201	242	325	290	313	300	384	282	385	289	275	236	158	246	313	310	303	129	222	302	
260	253	294	236	205	197	180	127	187	138	130	140	103	215	307	309	329	233	284	363	
--epi--
356	313	292	464	328	350	374	358	433	380	365	332	329	356	318	290	264	292	282	247	235	81	229	213	214	78	173	125	135	172	351	
388	346	292	428	265	239	210	193	210	121	91	79	24	83	71	38	34	108	112	134	150	85	207	239	264	188	273	261	285	290	448	
---Frame 28---
--endo--
198	242	322	286	317	301	384	281	387	289	274	236	158	246	314	308	307	133	222	303	
264	253	294	238	201	197	180	131	185	138	134	140	103	215	309	313	325	229	284	363	
--epi--
356	313	289	468	331	353	377	358	437	375	362	329	329	356	318	290	264	292	282	248	234	81	226	213	217	78	176	125	135	170	354	
390	350	292	424	263	236	209	196	208	124	95	83	24	83	71	38	34	108	112	134	152	85	211	239	260	188	272	261	285	291	446	
---Frame 29---
--endo--
200	246	324	284	318	303	383	283	383	289	274	237	158	245	315	312	309	133	222	306	
262	252	298	239	200	196	180	127	189	138	132	140	103	217	311	311	329	229	284	362	
--epi--
356	314	289	468	330	348	377	358	437	370	366	329	329	356	318	290	264	292	282	246	237	81	228	215	217	78	176	125	135	167	352	
390	350	292	424	262	239	209	193	208	128	90	84	24	83	71	38	34	112	112	136	148	85	209	237	260	188	272	261	285	295	446	
---Frame 30---
--endo--
201	241	326	288	316	299	379	287	384	291	274	238	158	246	316	314	308	135	223	304	
261	255	296	237	202	200	184	123	189	134	132	138	103	215	309	313	325	228	282	363	
--epi--
356	315	286	466	325	351	374	359	438	368	370	326	329	356	318	290	264	292	282	246	240	81	230	215	219	78	180	125	136	165	354	
390	350	294	426	266	237	210	191	208	132	88	87	24	83	71	38	34	112	112	136	152	85	207	237	258	188	271	261	284	299	444	
---Frame 31---
--endo--
205	240	330	288	319	302	383	290	386	293	278	242	93	242	251	249	243	70	222	239	
256	250	293	234	199	197	179	122	184	133	131	135	38	212	244	248	260	163	279	298	
--epi--
291	318	221	464	260	286	309	294	373	372	366	324	324	351	314	289	262	292	286	249	238	81	233	218	222	74	115	60	71	100	352	
325	345	229	421	201	172	145	126	143	127	83	84	25	82	72	39	33	107	109	133	151	84	202	232	253	191	206	196	219	234	439	
---Frame 32---
--endo--
206	241	332	288	319	306	384	290	385	294	278	242	93	242	255	253	247	74	225	243	
254	248	297	234	199	197	177	126	186	137	133	135	38	212	248	252	264	167	275	302	
--epi--
295	320	225	467	264	290	313	298	375	374	367	323	320	351	313	289	262	290	288	249	239	81	235	218	224	74	115	60	71	104	350	
329	343	233	417	205	176	149	130	147	125	83	82	23	80	72	39	33	111	109	133	149	84	198	232	249	195	210	196	219	238	443	
---Frame 33---
--endo--
210	241	335	288	323	306	385	290	385	294	278	242	93	244	259	257	251	78	228	247	
250	248	295	234	195	197	175	128	186	135	135	135	38	208	252	256	268	167	271	306	
--epi--
299	321	229	465	268	294	317	301	375	376	368	322	320	350	313	289	262	291	288	249	239	81	233	217	224	74	119	60	71	108	351	
333	345	237	419	209	180	153	134	151	123	87	82	23	78	72	39	33	109	111	133	149	84	202	234	249	197	214	196	219	242	443	
---Frame 34---
--endo--
213	243	335	291	323	306	384	290	385	295	279	242	93	243	263	261	255	79	227	251	
248	246	291	230	195	197	177	128	186	139	131	135	38	212	256	260	272	167	273	310	
--epi--
303	322	233	464	272	298	321	305	375	371	366	321	320	351	310	289	262	293	286	249	239	81	236	219	226	74	123	60	71	112	351	
337	345	241	423	213	184	157	138	155	127	83	80	23	80	70	39	33	107	109	133	149	84	198	232	247	197	218	196	219	246	443	
---Frame 35---
--endo--
213	243	339	292	318	303	385	290	386	294	274	242	93	242	264	264	255	79	227	253	
248	246	293	230	199	195	177	130	186	135	127	135	38	214	259	261	274	167	273	310	
--epi--
298	323	237	465	272	300	324	304	378	371	365	321	320	351	310	289	262	297	289	249	239	81	237	219	223	74	125	60	71	114	353	
341	345	241	419	213	184	157	142	159	127	81	80	23	82	70	39	33	103	109	133	149	84	196	232	251	197	221	196	219	249	439	
---Frame 36---
--endo--
211	243	338	291	322	307	387	290	386	294	278	242	93	242	262	259	255	79	227	255	
250	246	297	232	195	197	175	132	186	137	123	135	38	214	260	265	274	167	273	309	
--epi--
298	325	234	468	275	301	321	303	378	372	365	321	320	351	310	289	262	297	288	249	239	81	237	219	223	74	125	60	71	117	353	
342	343	242	417	212	183	160	142	159	125	81	80	23	82	70	39	33	103	113	133	149	84	196	232	251	197	221	196	219	247	441	
---Frame 37---
--endo--
211	247	338	291	320	308	385	290	390	294	278	242	93	243	261	255	255	79	227	259	
250	250	299	232	197	197	179	136	182	137	123	135	38	212	261	269	274	167	273	308	
--epi--
298	325	233	469	274	304	320	302	375	369	365	321	320	350	310	289	262	298	288	249	239	81	237	220	223	74	125	60	71	117	357	
343	345	242	417	213	182	164	142	163	129	81	82	23	78	70	39	33	101	113	133	149	84	196	230	251	197	221	196	219	247	441	
---Frame 38---
--endo--
211	250	339	294	320	308	386	290	392	294	280	242	93	245	263	257	252	79	225	255	
250	252	299	228	197	197	179	138	180	135	121	135	38	208	259	266	275	167	277	309	
--epi--
300	328	237	470	277	304	319	300	374	368	366	320	320	350	310	289	262	298	288	249	241	81	237	217	223	74	127	60	71	117	360	
341	341	241	417	212	182	164	146	166	129	83	80	23	78	70	39	33	101	113	133	147	84	196	234	251	197	219	196	219	247	439	
---Frame 39---
--endo--
214	251	340	294	324	309	387	290	391	294	277	242	93	244	259	256	254	79	226	259	
248	256	299	228	193	197	179	136	182	135	125	135	38	212	262	268	274	167	277	308	
--epi--
297	328	232	470	275	302	320	301	374	370	367	320	320	350	310	289	262	298	288	249	243	81	237	217	223	74	127	60	71	117	361	
344	343	242	419	213	183	162	145	166	127	83	80	23	78	70	39	33	101	115	133	145	84	196	234	251	197	219	196	219	247	439	
---Frame 40---
--endo--
214	251	341	297	322	309	388	291	395	294	275	242	93	243	263	257	253	79	226	255	
248	258	297	226	195	197	179	138	178	135	127	135	38	214	259	267	274	167	277	309	
--epi--
298	330	231	473	273	301	317	299	374	370	368	319	320	351	310	289	262	298	288	250	247	81	235	217	222	74	127	60	71	117	358	
342	339	243	419	214	184	164	147	167	129	85	80	23	82	70	39	33	101	117	133	141	84	198	234	253	197	219	196	219	247	441	
---Frame 41---
--endo--
216	254	276	298	257	313	323	295	330	297	275	177	91	242	267	261	188	74	227	190	
245	253	232	221	130	194	114	137	113	134	124	70	39	209	254	264	209	162	274	244	
--epi--
233	333	232	408	208	236	319	294	309	373	372	315	315	355	305	288	261	300	287	254	251	81	237	219	225	74	62	56	71	113	361	
277	336	238	354	149	119	159	142	102	124	86	81	24	81	73	38	34	102	114	130	136	85	193	231	248	198	154	193	220	244	438	
---Frame 42---
--endo--
219	253	280	298	261	316	323	297	334	298	279	181	91	245	267	261	191	71	227	194	
241	255	236	221	134	190	118	141	117	136	120	74	39	205	252	264	213	160	274	248	
--epi--
237	334	233	412	212	240	319	293	311	371	373	316	310	355	305	288	261	300	289	254	249	81	239	222	227	74	62	54	71	111	363	
281	334	236	358	153	123	161	146	106	126	86	85	26	81	71	38	34	102	112	130	138	85	189	227	244	198	154	189	220	240	436	
---Frame 43---
--endo--
219	252	284	302	265	315	323	297	338	299	283	185	91	245	269	261	195	71	227	198	
241	255	239	217	138	186	122	141	121	140	116	78	39	205	250	264	217	160	274	252	
--epi--
241	335	233	416	216	244	322	293	313	372	377	316	310	356	303	288	261	300	292	254	253	81	240	219	227	74	62	54	71	111	362	
285	332	236	362	157	127	157	146	110	124	90	85	26	83	67	38	34	104	116	130	134	85	187	231	244	198	154	189	220	240	438	
---Frame 44---
--endo--
216	255	288	305	269	313	323	296	342	300	283	189	91	242	269	261	199	71	229	202	
245	251	243	215	142	188	125	139	125	144	116	82	39	209	250	264	221	160	270	256	
--epi--
245	335	230	420	220	248	323	293	313	372	380	315	310	358	303	288	261	301	292	258	257	81	240	219	224	74	62	54	71	111	366	
289	332	240	366	161	131	155	146	114	124	94	83	26	83	67	38	34	100	116	126	138	85	187	231	248	198	154	189	220	240	434	
---Frame 45---
--endo--
216	252	291	302	272	311	326	295	345	299	283	191	91	241	267	260	201	71	230	204	
245	255	244	217	142	192	129	137	128	142	116	83	39	213	252	264	222	160	268	258	
--epi--
247	336	230	416	222	243	324	293	316	375	380	311	310	358	305	288	261	301	292	258	257	81	240	219	225	74	62	54	71	111	366	
290	330	240	368	162	133	153	146	118	120	94	79	26	85	71	38	34	102	116	126	138	85	187	231	246	198	154	189	220	240	434	
---Frame 46---
--endo--
216	252	292	298	271	312	326	295	349	299	283	191	91	241	267	261	199	71	230	204	
245	255	244	221	145	188	133	137	126	142	116	83	39	213	252	260	222	160	268	258	
--epi--
245	340	230	415	222	241	327	293	315	373	378	311	310	356	305	288	261	302	292	262	257	81	240	222	226	74	62	54	71	111	370	
292	326	240	370	162	136	151	146	122	124	92	75	26	83	71	38	34	100	116	130	138	85	187	227	244	198	154	189	220	240	432	
---Frame 47---
--endo--
219	251	289	298	273	312	326	297	347	301	279	191	91	243	266	263	197	71	230	206	
241	255	245	221	143	188	137	141	127	146	120	83	39	209	254	258	224	160	268	256	
--epi--
249	344	230	417	223	244	328	295	314	375	381	311	310	356	306	288	261	302	292	261	256	81	240	222	226	74	62	54	71	111	371	
289	326	240	367	161	133	151	142	124	122	96	77	26	83	71	38	34	104	118	134	142	85	187	227	244	198	154	189	220	240	432	
---Frame 48---
--endo--
220	252	292	298	270	313	327	296	349	301	277	191	91	242	268	261	199	71	230	203	
239	253	245	221	147	186	136	137	127	144	122	83	39	209	252	262	223	160	268	257	
--epi--
245	340	231	416	222	241	323	297	313	373	378	311	310	356	306	288	261	303	292	262	256	81	238	219	226	74	62	54	71	111	375	
291	326	238	370	161	135	155	140	126	124	92	77	26	83	71	38	34	100	120	132	142	85	191	231	244	198	154	189	220	240	434	
---Frame 49---
--endo--
222	249	292	302	274	312	326	296	350	301	279	193	91	242	271	262	199	71	228	207	
237	257	245	217	144	190	139	137	127	144	120	82	39	207	250	260	223	160	272	255	
--epi--
240	335	231	417	219	242	318	297	311	377	377	315	310	356	306	288	261	303	292	262	256	81	237	222	226	74	62	54	71	111	372	
295	328	238	368	163	135	157	140	128	120	88	81	26	83	71	38	34	102	122	132	142	85	193	227	244	198	154	189	220	240	432	
---Frame 50---
--endo--
222	249	295	300	270	313	327	296	348	303	275	193	91	241	273	263	200	71	228	202	
237	255	244	219	148	188	137	135	128	148	124	82	39	209	248	260	223	160	272	258	
--epi--
241	330	229	418	216	246	317	296	311	377	379	316	310	354	304	288	261	303	293	263	256	81	241	226	226	74	62	54	71	113	375	
293	332	242	368	164	132	159	142	131	120	92	83	26	81	67	38	34	104	120	128	140	85	195	231	244	198	154	189	220	244	434	
---Frame 51---
--endo--
224	245	299	302	268	314	322	293	345	300	276	188	88	244	273	267	135	66	228	205	
232	254	241	216	143	185	136	130	123	145	121	77	38	208	245	255	158	157	267	253	
--epi--
176	329	228	420	151	181	318	292	306	378	314	314	305	349	301	287	260	307	297	266	257	81	239	227	225	74	57	55	71	116	378	
228	327	237	365	99	67	154	137	126	115	27	84	27	78	70	39	33	101	119	125	137	84	194	226	241	197	151	192	219	247	431	
---Frame 52---
--endo--
222	246	303	306	269	315	322	293	348	301	279	190	88	239	275	269	138	64	228	208	
234	254	237	212	141	183	136	130	119	143	119	81	38	204	245	253	162	161	267	249	
--epi--
180	332	228	420	155	185	318	291	309	380	314	314	303	349	301	287	260	307	293	269	257	81	240	225	227	74	57	55	71	116	381	
232	323	237	365	103	71	154	139	122	113	27	84	27	78	68	39	33	97	115	121	137	84	190	228	237	197	147	192	219	249	427	
---Frame 53---
--endo--
224	247	302	309	271	315	322	292	352	303	283	190	88	240	279	268	142	64	230	209	
230	254	237	210	139	185	136	132	117	139	115	81	38	200	241	253	166	161	263	247	
--epi--
184	333	228	420	159	189	317	291	309	375	314	311	303	350	301	287	260	307	293	269	257	81	238	224	226	74	57	55	71	117	379	
236	323	235	365	107	75	156	139	122	117	27	82	27	80	68	39	33	97	115	121	137	84	194	230	237	197	147	192	219	251	429	
---Frame 54---
--endo--
222	249	300	311	274	318	322	292	348	303	283	190	88	239	282	270	146	64	229	208	
232	252	239	208	137	189	136	132	119	139	115	81	38	204	241	255	170	161	265	247	
--epi--
188	334	226	422	163	193	317	292	309	373	314	311	303	348	301	287	260	308	293	272	257	81	238	225	227	74	57	55	71	117	382	
240	323	239	363	111	79	156	137	122	119	27	80	27	76	70	39	33	99	115	125	137	84	194	226	235	197	147	192	219	251	427	
---Frame 55---
--endo--
225	249	300	306	269	319	324	292	347	303	279	190	88	238	280	270	150	64	230	205	
236	252	239	212	141	185	134	132	119	139	119	81	38	206	243	255	169	161	263	251	
--epi--
192	335	228	422	158	194	318	291	309	376	314	311	303	349	301	287	260	308	295	269	257	81	239	227	226	74	57	55	71	116	386	
240	323	235	363	115	80	156	139	122	115	27	80	27	80	72	39	33	99	113	121	137	84	192	222	235	197	147	192	219	251	425	
---Frame 56---
--endo--
220	249	298	305	268	321	324	291	348	301	277	190	88	240	280	273	147	64	228	205	
236	252	241	214	143	187	134	134	119	143	121	81	38	202	243	251	170	161	267	251	
--epi--
196	336	229	425	155	196	321	291	309	378	314	311	303	347	301	287	260	308	297	272	257	81	239	226	226	74	57	55	71	116	382	
238	323	233	361	118	79	154	141	122	115	27	80	27	76	72	39	33	101	111	119	137	84	192	224	235	197	147	192	219	251	427	
---Frame 57---
--endo--
220	249	299	309	267	323	324	294	348	302	277	190	88	240	284	275	147	64	227	206	
236	252	241	212	145	191	134	130	119	141	121	81	38	202	239	249	170	161	269	249	
--epi--
200	335	230	429	153	194	323	292	308	378	314	312	303	346	301	287	260	308	299	270	261	81	240	225	227	74	57	55	71	118	386	
236	325	233	359	122	80	152	139	124	115	27	82	27	76	72	39	33	97	109	121	133	84	188	226	235	197	147	192	219	255	425	
---Frame 58---
--endo--
222	249	302	312	270	326	324	294	347	304	277	190	88	242	285	277	144	64	228	206	
232	252	239	210	141	195	134	130	119	139	121	81	38	200	237	247	171	161	267	249	
--epi--
202	333	229	425	154	194	323	295	308	373	314	315	303	346	301	287	260	309	296	270	265	81	242	227	226	74	57	55	71	118	383	
236	329	235	363	119	80	152	135	124	119	27	84	27	76	72	39	33	101	113	121	137	84	186	224	237	197	147	192	219	255	427	
---Frame 59---
--endo--
220	248	303	314	273	329	322	294	344	304	279	190	88	242	280	274	147	64	228	206	
236	252	239	210	139	191	136	130	123	139	119	81	38	200	241	249	170	161	267	249	
--epi--
197	333	228	429	154	191	319	297	307	375	314	317	303	347	301	287	260	310	300	266	260	81	242	227	228	74	57	55	71	118	380	
237	329	237	361	119	82	156	133	126	115	27	86	27	78	72	39	33	99	109	125	135	84	186	224	235	197	147	192	219	255	427	
---Frame 60---
--endo--
222	247	307	318	270	330	322	293	348	303	277	190	88	241	279	274	150	64	228	206	
232	254	237	212	141	193	136	132	119	141	121	81	38	202	243	249	169	161	269	249	
--epi--
194	333	231	432	154	191	321	298	306	372	314	317	303	349	301	287	260	310	298	270	260	81	243	227	228	74	57	55	71	118	380	
238	329	233	361	119	82	154	133	128	119	27	84	27	80	72	39	33	103	111	121	135	84	186	224	235	197	147	192	219	255	427	
---Frame 61---
--endo--
222	245	242	253	267	265	318	292	345	299	280	185	89	241	214	209	85	67	227	206	
227	253	172	147	140	128	131	127	114	138	118	80	39	197	178	184	104	158	266	244	
--epi--
198	336	229	367	89	188	324	296	308	368	309	319	298	351	300	286	259	245	233	274	262	81	241	225	227	74	57	54	71	114	382	
235	326	230	296	54	81	151	128	127	114	28	87	28	79	73	38	34	38	46	118	132	85	185	223	230	198	146	189	220	258	424	
---Frame 62---
--endo--
222	245	246	257	267	269	317	292	343	299	280	185	89	241	218	213	85	70	229	206	
227	253	176	151	140	132	131	127	116	138	118	80	39	197	182	188	104	158	262	244	
--epi--
198	336	230	371	89	188	324	297	308	367	307	320	296	352	295	286	259	245	233	276	265	81	241	227	229	74	57	54	71	114	382	
235	326	228	300	54	81	151	126	127	116	28	89	24	79	71	38	34	38	46	116	128	85	185	219	228	198	146	189	220	258	424	
---Frame 63---
--endo--
225	245	250	261	267	273	319	292	345	300	283	185	89	240	222	217	85	72	231	206	
223	253	178	155	140	136	129	127	114	136	116	80	39	199	186	192	104	158	260	244	
--epi--
198	337	234	375	89	188	326	297	308	367	307	320	297	353	295	286	259	245	233	274	265	81	241	227	233	74	57	54	71	114	386	
235	326	224	304	54	81	147	126	127	116	28	89	22	83	71	38	34	38	46	118	128	85	185	219	224	198	146	189	220	260	422	
---Frame 64---
--endo--
226	248	254	265	267	277	317	292	345	302	286	185	89	243	226	221	85	72	231	207	
223	249	182	159	140	140	131	127	114	132	114	80	39	195	190	196	104	158	260	242	
--epi--
200	337	231	378	89	188	323	297	308	368	307	319	297	349	295	286	259	245	233	277	268	81	241	228	230	74	57	54	71	114	388	
231	326	228	308	54	81	151	126	129	116	28	87	22	79	71	38	34	38	46	116	126	85	185	219	228	198	146	189	220	260	422	
---Frame 65---
--endo--
229	252	257	266	267	277	317	292	345	299	281	185	89	243	222	223	85	72	231	210	
221	245	183	163	140	143	131	127	116	136	118	80	39	195	194	197	104	158	260	238	
--epi--
200	337	230	376	89	188	323	299	308	370	307	318	297	349	295	286	259	245	233	280	268	81	241	227	228	74	57	54	71	114	392	
231	326	230	310	54	81	151	124	129	114	28	85	22	79	71	38	34	38	46	114	126	85	185	221	230	198	146	189	220	260	420	
---Frame 66---
--endo--
225	254	261	268	267	280	314	293	345	297	283	185	89	245	222	227	85	72	227	207	
225	243	182	161	140	142	135	125	118	138	116	80	39	191	194	195	104	158	264	242	
--epi--
200	337	230	374	89	188	322	299	308	369	307	317	297	353	296	286	259	245	233	283	271	81	241	227	228	74	57	54	71	114	395	
231	326	230	312	54	81	149	124	133	116	28	85	22	83	69	38	34	38	46	112	124	85	185	221	230	198	146	189	220	258	420	
---Frame 67---
--endo--
226	257	263	264	270	284	314	295	348	300	286	185	89	245	225	223	85	72	225	208	
223	241	182	165	136	140	135	123	114	134	114	80	39	191	191	196	104	158	268	240	
--epi--
200	339	230	376	89	188	322	299	309	367	307	318	297	354	296	286	259	245	233	283	271	81	242	228	227	74	57	54	71	114	399	
231	324	228	311	54	81	149	124	137	118	28	87	22	85	69	38	34	38	46	112	124	85	181	219	230	198	146	189	220	258	420	
---Frame 68---
--endo--
224	257	263	264	268	284	317	297	350	300	289	185	89	245	222	220	85	72	226	208	
225	241	182	164	138	140	131	121	112	134	118	80	39	191	193	197	104	158	266	240	
--epi--
200	343	229	376	89	188	322	298	312	368	307	316	297	355	296	286	259	245	233	285	271	81	243	228	227	74	57	54	71	114	398	
231	322	230	312	54	81	151	124	141	118	28	83	22	89	69	38	34	38	46	116	124	85	179	219	230	198	146	189	220	258	418	
---Frame 69---
--endo--
226	257	263	264	269	285	315	297	350	297	289	185	89	245	219	222	85	72	228	208	
223	241	182	164	136	140	133	121	112	138	116	80	39	191	197	196	104	158	262	240	
--epi--
198	345	232	376	89	188	326	298	312	368	307	316	297	354	296	286	259	245	233	282	274	81	243	228	228	74	57	54	71	112	399	
235	320	226	310	54	81	149	124	141	118	28	85	22	85	69	38	34	38	46	112	122	85	179	219	228	198	146	189	220	254	418	
---Frame 70---
--endo--
223	258	263	259	272	283	319	292	354	300	288	185	89	243	219	222	85	72	229	208	
227	241	182	167	134	141	129	125	108	134	118	80	39	193	197	196	104	158	260	240	
--epi--
198	349	236	376	89	188	323	296	312	369	307	313	297	352	296	286	259	245	233	279	274	81	244	231	226	74	57	54	71	112	402	
235	316	222	311	54	81	149	126	141	118	28	83	22	81	69	38	34	38	46	114	122	85	177	215	232	198	146	189	220	254	420	
---Frame 71---
--endo--
223	262	266	257	269	282	314	291	357	303	291	180	87	242	223	226	88	67	227	206	
224	236	177	164	133	138	124	120	105	133	113	79	38	188	192	191	105	159	257	239	
--epi--
200	284	236	311	88	183	321	299	307	368	303	312	292	355	294	285	258	244	230	214	277	81	242	230	224	74	57	54	71	116	337	
232	251	217	246	55	80	148	125	140	113	29	86	25	82	70	39	33	39	47	49	119	84	174	212	231	197	147	188	219	249	355	
---Frame 72---
--endo--
224	263	268	259	272	285	315	290	357	304	295	178	87	243	225	228	89	64	227	206	
222	234	173	160	129	134	122	122	105	135	117	75	38	184	188	187	109	161	259	239	
--epi--
203	288	237	315	88	182	322	299	304	372	300	309	288	356	294	285	258	244	225	218	279	81	241	231	225	74	57	54	71	117	341	
228	255	215	250	55	80	144	125	142	111	27	82	27	86	70	39	33	39	47	53	117	84	176	210	227	197	147	188	219	249	359	
---Frame 73---
--endo--
224	266	267	261	272	288	313	290	361	305	294	178	87	242	229	228	89	64	227	206	
222	232	175	158	129	130	124	122	105	137	119	75	38	186	184	187	111	161	259	239	
--epi--
206	292	235	319	88	182	323	299	305	376	300	307	288	354	292	285	258	244	220	222	276	81	241	231	225	74	57	54	71	117	345	
224	259	217	254	55	80	142	125	140	109	27	78	27	82	66	39	33	39	47	57	119	84	176	210	227	197	147	188	219	249	363	
---Frame 74---
--endo--
224	262	271	264	273	284	313	292	360	305	293	178	87	241	227	229	89	64	227	208	
222	234	173	156	129	134	124	118	107	137	123	75	38	190	186	187	111	161	259	235	
--epi--
208	293	236	321	88	182	324	299	306	378	300	307	288	351	294	285	258	244	218	226	278	81	242	229	225	74	57	54	71	117	349	
222	263	215	256	55	80	140	129	140	109	27	78	27	80	70	39	33	39	47	61	117	84	172	214	227	197	147	188	219	249	367	
---Frame 75---
--endo--
228	259	275	264	273	284	311	294	356	305	293	178	87	243	229	229	89	64	228	206	
226	238	171	156	129	134	128	116	105	135	123	75	38	186	184	187	111	161	257	239	
--epi--
208	292	236	320	88	182	323	299	306	375	300	307	288	351	294	285	258	244	218	230	282	81	244	229	226	74	57	54	71	117	349	
222	263	215	259	55	80	142	127	140	113	27	80	27	84	70	39	33	39	47	64	113	84	168	214	225	197	147	188	219	249	368	
---Frame 76---
--endo--
228	260	277	262	277	288	312	296	360	306	294	178	87	243	225	228	89	64	230	206	
228	238	169	158	125	130	126	114	105	137	119	75	38	186	188	187	111	161	253	239	
--epi--
208	289	237	317	88	182	321	299	308	373	300	307	288	355	292	285	258	244	218	229	277	81	242	229	226	74	57	54	71	117	349	
222	267	213	262	55	80	144	125	136	115	27	80	27	88	66	39	33	39	47	65	117	84	172	214	225	197	147	188	219	249	368	
---Frame 77---
--endo--
228	260	278	262	272	288	316	296	359	307	294	178	87	241	225	228	89	64	229	206	
230	238	169	158	129	130	122	114	107	133	115	75	38	190	188	187	111	161	255	239	
--epi--
206	289	237	320	88	182	323	300	306	375	300	306	288	353	290	285	258	244	218	226	279	81	244	229	226	74	57	54	71	117	347	
224	268	213	260	55	80	142	127	140	113	27	76	27	86	68	39	33	39	47	67	115	84	168	214	225	197	147	188	219	249	368	
---Frame 78---
--endo--
228	263	279	260	275	286	316	294	359	308	290	178	87	241	225	228	89	64	229	206	
228	236	167	162	127	132	122	116	105	133	111	75	38	190	188	187	111	161	255	239	
--epi--
208	290	236	319	88	182	323	300	307	376	300	306	288	353	291	285	258	244	218	221	275	81	243	229	224	74	57	54	71	117	349	
222	268	215	263	55	80	144	127	140	113	27	76	27	86	66	39	33	39	47	71	119	84	170	214	229	197	147	188	219	249	367	
---Frame 79---
--endo--
228	265	280	263	273	286	314	290	360	307	292	178	87	243	222	226	89	64	229	206	
224	234	167	158	129	132	126	120	109	131	109	75	38	186	192	189	111	161	255	239	
--epi--
208	291	234	321	88	182	321	300	309	378	300	306	288	356	291	285	258	244	218	223	275	81	243	229	223	74	57	54	71	118	350	
222	269	219	260	55	80	148	125	138	111	27	78	27	88	66	39	33	39	47	69	119	84	170	214	231	197	147	188	219	253	367	
---Frame 80---
--endo--
228	262	278	260	273	286	317	287	362	308	292	178	87	242	223	227	89	64	231	206	
224	238	171	162	129	132	122	124	105	131	109	75	38	188	190	187	111	161	253	239	
--epi--
204	290	235	321	88	182	323	301	308	375	300	306	288	357	289	285	258	244	218	225	275	81	243	229	223	74	57	54	71	118	349	
226	269	217	260	55	80	144	127	140	113	27	80	27	86	68	39	33	39	47	66	119	84	170	214	231	197	147	188	219	253	367	
---Frame 81---
--endo--
225	197	213	260	271	282	321	285	297	303	296	176	88	241	226	228	89	64	232	206	
223	173	106	157	128	131	123	121	40	126	108	76	39	183	185	182	112	162	248	234	
--epi--
206	225	234	256	88	177	321	305	304	379	295	303	283	356	285	284	256	243	215	220	279	81	247	229	221	74	57	54	71	114	284	
221	204	212	195	54	79	139	126	135	110	22	81	22	83	65	38	34	38	46	61	114	85	171	209	230	198	146	189	220	250	302	
---Frame 82---
--endo--
226	201	217	259	274	283	322	287	297	303	295	176	88	240	226	229	89	64	232	206	
221	177	110	159	124	129	125	117	40	124	110	76	39	185	183	180	112	162	248	234	
--epi--
204	229	233	260	88	175	321	305	307	379	292	304	282	354	283	284	256	243	210	218	280	81	247	230	221	74	57	54	71	114	288	
223	208	214	199	54	75	139	126	131	110	26	85	22	79	67	38	34	38	46	61	112	85	171	207	230	198	146	189	220	250	306	
---Frame 83---
--endo--
226	205	221	259	273	285	323	284	297	302	295	176	88	239	226	229	89	64	230	207	
221	181	114	159	124	125	127	121	40	126	112	76	39	187	183	180	112	162	250	232	
--epi--
204	233	235	264	88	175	323	307	308	310	292	303	282	353	285	284	256	243	205	218	284	81	249	230	222	74	57	54	71	114	292	
223	212	210	203	54	75	137	128	131	48	26	81	22	81	71	38	34	38	46	61	108	85	175	207	226	198	146	189	220	250	310	
---Frame 84---
--endo--
226	209	223	260	275	284	324	287	297	301	296	176	88	239	227	230	89	64	230	207	
221	185	118	159	122	127	125	117	40	128	108	76	39	187	181	178	112	162	250	232	
--epi--
204	237	233	268	88	175	322	307	309	314	292	299	282	355	285	284	256	243	203	218	284	81	250	230	222	74	57	54	71	114	296	
223	216	214	207	54	75	139	126	131	52	26	79	22	83	75	38	34	38	46	61	108	85	177	207	226	198	146	189	220	250	314	
---Frame 85---
--endo--
225	206	225	262	274	284	323	288	297	300	296	176	88	239	227	230	89	64	230	210	
223	186	118	155	122	127	121	117	40	132	108	76	39	187	181	178	112	162	250	228	
--epi--
204	235	232	263	88	175	322	306	309	315	292	299	282	355	286	284	256	243	203	218	287	81	251	230	225	74	57	54	71	114	292	
223	219	216	209	54	75	139	126	131	56	26	75	22	81	71	38	34	38	46	61	106	85	181	207	222	198	146	189	220	250	317	
---Frame 86---
--endo--
225	208	229	265	274	284	324	286	297	302	296	176	88	239	228	230	89	64	233	207	
223	186	116	151	122	127	125	119	40	130	108	76	39	187	179	178	112	162	246	232	
--epi--
204	237	235	260	88	175	326	306	312	319	292	299	282	355	286	284	256	243	203	218	284	81	249	230	225	74	57	54	71	114	295	
223	217	212	213	54	75	135	126	129	60	26	79	22	79	69	38	34	38	46	61	108	85	181	207	222	198	146	189	220	250	316	
---Frame 87---
--endo--
225	205	228	266	276	283	325	288	297	302	295	176	88	238	228	231	89	64	231	206	
223	189	116	151	120	129	127	117	40	130	106	76	39	187	179	176	112	162	248	234	
--epi--
204	235	235	261	88	175	328	306	310	318	292	299	282	355	285	284	256	243	203	218	287	81	247	230	225	74	57	54	71	114	297	
223	219	210	210	54	75	133	124	131	63	26	79	22	81	71	38	34	38	46	61	106	85	179	207	222	198	146	189	220	250	315	
---Frame 88---
--endo--
225	204	230	267	276	285	325	291	297	303	297	178	88	238	227	230	89	64	229	206	
223	190	116	151	120	125	123	113	40	130	106	78	39	187	181	178	112	162	252	234	
--epi--
207	232	233	264	88	175	324	307	310	315	292	299	282	355	285	284	256	243	203	218	286	81	247	232	227	74	57	54	71	114	298	
219	223	214	209	54	75	137	126	131	67	26	79	22	83	71	38	34	38	46	61	106	85	175	205	220	198	146	189	220	250	314	
---Frame 89---
--endo--
225	207	225	266	278	284	324	291	297	305	297	178	88	238	228	227	89	64	229	206	
223	186	118	151	118	127	119	113	40	126	108	78	39	187	179	182	112	162	250	234	
--epi--
211	232	232	264	88	175	327	308	308	315	292	299	282	353	285	284	256	243	203	218	282	81	246	231	225	74	57	54	71	114	300	
223	223	214	211	54	75	133	128	133	66	26	75	22	81	69	38	34	38	46	61	108	85	173	205	222	198	146	189	220	250	313	
---Frame 90---
--endo--
225	204	223	261	273	284	324	291	297	307	297	178	88	239	225	228	89	64	229	206	
223	187	119	155	122	127	121	113	40	122	104	78	39	185	183	180	112	162	250	234	
--epi--
211	231	233	267	88	175	322	308	308	314	292	299	282	355	285	284	256	243	203	218	279	81	246	229	222	74	57	54	71	114	302	
223	224	212	211	54	75	137	126	133	69	26	75	22	85	69	38	34	38	46	61	110	85	171	207	226	198	146	189	220	250	313	
---Frame 91---
--endo--
223	207	158	261	269	282	319	293	293	302	232	182	88	236	225	227	89	64	233	207	
222	184	54	150	121	122	118	108	41	117	39	77	38	182	178	175	111	161	251	229	
--epi--
211	235	230	202	88	176	319	304	305	309	287	297	277	359	281	283	255	242	200	213	214	81	242	227	223	74	57	54	71	112	305	
220	223	211	146	55	78	136	121	128	70	27	78	25	84	64	39	33	39	47	58	45	84	166	206	221	197	147	188	219	249	310	
---Frame 92---
--endo--
223	208	159	263	269	283	319	290	293	302	232	183	88	236	226	228	89	64	233	208	
222	182	58	148	121	120	118	110	41	117	39	79	38	182	176	173	111	161	255	227	
--epi--
214	236	230	206	88	179	319	303	304	309	286	297	273	358	281	283	255	242	195	208	214	81	243	227	227	74	57	54	71	112	307	
216	221	211	150	55	82	136	121	130	70	27	78	25	84	64	39	33	39	47	58	45	84	164	206	223	197	147	188	219	249	308	
---Frame 93---
--endo--
224	209	160	263	272	281	319	293	293	302	232	183	88	236	227	229	89	64	232	211	
218	180	62	148	117	124	118	108	41	117	39	79	38	182	174	171	111	161	251	223	
--epi--
215	236	232	210	88	179	321	303	305	309	286	297	273	358	279	283	255	242	190	206	214	81	242	227	222	74	57	54	71	112	311	
214	221	207	154	55	82	132	121	130	70	27	78	25	84	66	39	33	39	47	58	45	84	168	206	221	197	147	188	219	249	306	
---Frame 94---
--endo--
225	210	164	265	276	284	318	289	293	302	232	186	88	235	227	229	89	64	231	209	
216	178	66	146	113	120	120	112	41	117	39	81	38	184	174	171	111	161	253	225	
--epi--
216	235	230	214	88	179	320	303	306	309	286	298	273	357	279	283	255	242	188	206	214	81	241	227	224	74	57	54	71	112	308	
212	225	211	158	55	82	136	121	126	70	27	80	25	84	66	39	33	39	47	58	45	84	170	206	217	197	147	188	219	249	308	
---Frame 95---
--endo--
223	214	165	265	279	284	319	289	293	302	232	182	88	236	227	229	89	64	230	206	
220	174	70	146	111	120	118	112	41	117	39	79	38	184	174	171	111	161	251	229	
--epi--
213	235	231	209	88	179	322	303	305	309	286	297	273	357	279	283	255	242	188	206	214	81	241	227	224	74	57	54	71	112	312	
216	225	209	162	55	82	132	121	130	70	27	78	25	84	66	39	33	39	47	58	45	84	170	206	217	197	147	188	219	249	308	
---Frame 96---
--endo--
223	214	163	268	279	287	321	289	293	302	232	182	88	235	225	229	89	64	230	206	
220	174	74	144	111	118	116	112	41	117	39	79	38	184	176	171	111	161	255	229	
--epi--
214	235	233	207	88	179	322	306	306	305	286	297	273	358	279	283	255	242	188	206	214	81	241	227	224	74	57	54	71	112	312	
214	223	205	163	55	82	132	117	126	70	27	78	25	84	66	39	33	39	47	58	45	84	170	206	217	197	147	188	219	249	308	
---Frame 97---
--endo--
223	214	163	268	277	287	319	293	293	304	232	182	88	235	224	229	89	64	230	206	
220	174	75	144	113	118	118	108	41	115	39	79	38	184	178	171	111	161	257	229	
--epi--
211	236	231	211	88	175	322	306	306	305	286	297	273	359	279	283	255	242	188	206	214	81	242	227	224	74	57	54	71	112	312	
218	221	209	161	55	78	132	117	126	70	27	78	25	84	66	39	33	39	47	58	45	84	166	206	217	197	147	188	219	249	308	
---Frame 98---
--endo--
224	214	163	268	280	287	319	295	293	302	232	182	88	235	223	227	89	64	230	206	
216	174	74	144	111	118	118	106	41	117	39	79	38	184	182	173	111	161	259	229	
--epi--
209	236	232	214	88	175	323	305	305	309	286	298	273	359	279	283	255	242	188	206	214	81	242	228	223	74	57	54	71	112	312	
222	225	205	160	55	78	132	119	130	72	27	80	25	86	66	39	33	39	47	58	45	84	166	202	217	197	147	188	219	249	308	
---Frame 99---
--endo--
225	214	163	268	283	287	321	293	293	301	232	182	88	236	223	227	89	64	230	206	
214	174	74	144	109	118	116	108	41	119	39	79	38	180	182	173	111	161	255	229	
--epi--
209	235	233	214	88	175	324	304	304	305	286	298	273	359	279	283	255	242	188	206	214	81	242	229	223	74	57	54	71	112	316	
222	225	203	160	55	78	130	121	132	70	27	80	25	86	66	39	33	39	47	58	45	84	166	200	217	197	147	188	219	249	304	
---Frame 100---
--endo--
225	214	165	265	283	284	318	293	293	303	232	182	88	234	223	228	89	64	230	207	
214	174	70	146	109	120	120	108	41	117	39	79	38	184	182	171	111	161	251	227	
--epi--
211	235	231	212	88	175	323	307	304	306	286	298	273	355	279	283	255	242	188	206	214	81	241	229	223	74	57	54	71	112	319	
218	225	207	161	55	78	132	117	132	68	27	80	25	84	66	39	33	39	47	58	45	84	168	200	217	197	147	188	219	249	300	
---Frame 101---
--endo--
229	218	160	263	218	280	314	228	292	299	231	177	88	230	222	231	89	64	232	205	
217	169	71	143	44	119	115	43	40	112	40	74	39	179	179	170	112	162	254	226	
--epi--
211	232	228	214	88	179	320	303	302	301	281	297	268	356	274	282	253	241	185	201	211	81	236	233	221	74	57	54	71	116	254	
213	220	206	158	54	79	131	112	127	63	28	81	20	85	69	38	34	38	46	59	48	85	165	203	216	198	146	189	220	244	235	
---Frame 102---
--endo--
229	216	155	266	218	280	317	228	292	296	231	175	88	229	222	231	89	64	232	205	
213	171	67	139	44	119	111	43	40	116	40	74	39	181	179	170	112	162	256	226	
--epi--
211	229	228	214	88	179	320	306	302	298	279	297	268	354	274	282	253	241	180	196	206	81	235	233	221	74	57	54	71	118	258	
213	224	206	158	54	79	131	108	127	67	28	81	18	83	73	38	34	38	46	59	52	85	167	207	216	198	146	189	220	246	239	
---Frame 103---
--endo--
229	216	155	263	218	280	314	228	292	296	231	175	88	229	222	231	89	64	233	205	
213	171	67	143	44	119	115	43	40	116	40	74	39	181	179	170	112	162	260	226	
--epi--
211	231	228	214	88	179	319	302	304	298	279	297	268	354	276	282	253	241	175	191	205	81	235	233	222	74	57	54	71	118	262	
213	220	206	158	54	79	131	112	123	67	28	81	18	83	77	38	34	38	46	59	54	85	167	211	212	198	146	189	220	246	243	