Total AVI Frames: 104
Frames Processed: 104
endoPoints: 20
epiPoints: 31
---Frame 0---
--endo--
369	400	429	452	476	486	479	458	433	404	374	346	318	294	277	269	275	287	311	339	
408	406	397	383	354	322	294	270	250	237	235	241	254	273	300	328	356	383	401	411	
--epi--
390	419	448	474	501	519	535	542	543	538	528	511	491	466	438	406	376	347	318	291	275	259	256	252	252	257	266	283	305	331	360	
457	454	446	431	411	388	361	331	301	273	243	218	196	178	166	157	155	165	177	197	218	248	276	304	333	361	391	415	434	448	455	
---Frame 1---
--endo--
367	398	427	450	474	484	477	456	431	402	372	344	316	292	275	267	274	285	309	337	
408	407	397	383	353	320	293	270	250	237	235	241	254	273	301	330	351	383	400	410	
--epi--
388	417	446	474	499	517	533	540	541	536	526	509	489	464	436	404	374	345	316	289	273	257	254	250	250	255	264	281	303	329	358	
457	454	446	426	412	390	362	331	298	270	238	217	196	179	166	157	154	164	176	198	218	248	276	305	335	364	392	416	435	447	456	
---Frame 2---
--endo--
365	398	427	450	474	484	477	456	431	402	372	344	316	292	275	267	276	285	309	341	
406	407	397	385	353	319	292	269	250	236	234	240	253	275	302	334	347	383	400	405	
--epi--
388	417	446	474	499	517	533	540	541	536	526	509	489	464	436	404	374	345	316	289	273	257	254	250	250	255	264	281	303	329	358	
458	454	446	424	413	391	362	331	297	269	236	217	196	179	165	158	155	164	176	198	218	248	278	306	337	366	392	417	435	448	456	
---Frame 3---
--endo--
366	398	427	447	474	484	477	456	431	402	372	344	316	292	275	267	277	285	309	342	
408	406	397	388	348	317	291	268	248	235	232	238	252	276	305	338	347	384	401	404	
--epi--
388	417	446	473	499	517	533	540	541	536	526	509	489	464	436	404	374	345	316	289	273	257	254	250	250	255	264	281	303	329	358	
457	454	446	426	414	391	361	331	296	269	236	217	196	178	164	158	153	163	175	198	218	252	282	307	341	368	393	418	436	448	455	
---Frame 4---
--endo--
367	398	427	450	474	484	474	456	431	402	372	344	316	292	275	268	278	285	309	340	
404	404	396	384	346	313	286	267	246	231	229	238	252	277	307	340	348	385	402	406	
--epi--
388	417	446	473	499	517	533	540	541	536	526	509	489	464	436	404	374	345	316	289	273	252	254	250	254	255	264	281	303	329	358	
457	453	446	423	413	390	356	327	296	269	235	217	197	177	164	155	154	163	175	198	220	256	282	306	344	372	394	418	436	449	455	
---Frame 5---
--endo--
365	396	425	449	474	479	473	456	431	402	372	344	316	292	279	269	279	285	309	342	
404	403	395	384	344	308	283	264	242	229	227	237	252	281	311	340	348	385	403	405	
--epi--
387	415	444	473	499	517	533	540	541	536	526	509	489	464	436	404	374	345	316	286	273	254	254	245	255	256	264	281	302	328	357	
455	452	445	422	411	388	352	324	298	271	234	217	196	177	163	154	149	160	172	198	217	258	282	301	345	373	394	417	436	449	454	
---Frame 6---
--endo--
360	396	424	444	474	479	471	456	431	402	372	344	316	292	278	268	282	285	309	342	
399	402	394	386	341	307	279	261	239	224	224	235	251	285	315	342	345	385	404	405	
--epi--
386	414	443	473	498	517	533	540	541	536	526	509	489	464	436	404	374	340	311	286	271	256	254	240	256	257	264	281	301	327	356	
453	450	443	422	410	384	356	319	298	272	235	217	194	172	161	152	151	161	172	198	218	257	283	303	344	373	394	417	436	449	453	
---Frame 7---
--endo--
359	393	422	440	473	480	472	456	431	402	372	344	316	295	281	270	281	285	308	344	
395	400	392	382	339	307	279	258	235	222	221	232	249	289	311	340	348	387	404	401	
--epi--
384	413	442	473	497	516	533	540	541	536	526	509	485	464	436	404	374	337	309	285	270	260	254	241	256	257	264	281	300	326	354	
452	449	441	422	409	383	354	318	301	272	230	216	189	170	160	151	150	159	167	199	218	261	282	303	345	373	396	421	436	450	452	
---Frame 8---
--endo--
354	392	421	440	474	484	476	456	431	402	372	344	316	294	281	269	282	284	307	343	
395	398	391	381	339	307	277	255	234	217	220	232	247	289	311	340	347	387	404	404	
--epi--
383	412	441	473	496	515	533	540	541	536	526	509	485	460	435	404	374	337	308	285	268	260	254	242	255	257	264	279	298	324	353	
450	447	440	423	407	382	358	321	301	269	228	211	184	165	156	146	145	158	168	199	219	261	282	303	346	373	394	421	436	449	450	
---Frame 9---
--endo--
354	391	420	437	469	484	477	456	431	399	372	344	316	295	281	269	282	284	305	343	
393	395	389	376	340	307	275	252	230	213	215	230	246	287	311	340	348	387	401	405	
--epi--
382	411	440	473	495	514	532	540	541	536	526	509	485	464	436	404	373	337	307	282	267	258	254	243	256	256	263	279	297	323	352	
449	445	439	423	406	386	358	325	301	264	228	209	181	169	155	145	142	156	165	196	216	262	284	302	344	373	393	419	435	448	449	
---Frame 10---
--endo--
358	390	419	439	465	484	477	456	431	399	368	344	316	295	281	268	282	283	304	344	
388	394	388	380	339	307	273	250	227	211	210	227	244	286	311	340	348	386	398	404	
--epi--
381	409	439	473	495	513	532	540	541	536	526	509	486	464	436	404	374	337	306	280	266	260	254	242	254	256	262	278	296	322	350	
446	442	438	424	406	387	356	324	301	262	228	208	181	166	152	142	142	154	166	193	213	260	282	299	345	373	392	419	433	447	446	
---Frame 11---
--endo--
356	388	417	437	460	481	475	454	429	397	366	339	314	293	279	266	280	281	302	339	
386	394	386	380	338	302	268	245	224	212	212	228	243	284	309	344	352	385	394	408	
--epi--
379	407	437	472	493	511	530	538	539	534	524	507	484	462	434	402	372	335	304	278	264	255	252	240	252	254	260	276	294	320	348	
444	441	437	419	405	387	356	322	301	257	223	203	180	161	147	138	139	152	165	191	213	263	282	298	349	376	391	417	432	446	445	
---Frame 12---
--endo--
356	388	416	435	462	479	473	454	429	397	364	338	314	293	279	266	280	281	302	334	
390	394	385	377	334	297	264	244	222	211	212	227	241	283	308	348	356	382	391	409	
--epi--
377	406	436	474	492	511	530	538	539	534	524	507	479	462	434	402	372	335	304	278	264	253	252	240	252	254	260	276	294	320	347	
442	440	437	414	404	384	355	324	296	256	220	198	175	159	146	138	140	150	162	190	214	264	281	298	353	373	387	416	430	444	442	
---Frame 13---
--endo--
355	387	415	433	463	477	468	454	429	397	363	339	314	293	279	267	280	281	302	329	
394	394	384	375	329	292	260	246	224	210	211	226	240	282	307	352	354	379	389	404	
--epi--
375	405	434	472	490	509	530	538	539	534	524	507	474	462	433	402	372	335	304	278	261	254	252	240	253	254	260	276	294	319	345	
439	439	435	417	405	386	352	325	295	251	220	193	170	154	142	141	140	149	161	194	218	264	278	297	357	370	385	413	427	442	440	
---Frame 14---
--endo--
353	383	413	431	459	476	467	454	429	397	364	336	314	293	279	267	280	281	302	329	
389	392	382	372	333	292	261	247	226	211	212	228	242	282	307	352	352	376	387	399	
--epi--
373	403	432	474	488	506	529	538	539	534	524	507	475	462	434	402	372	335	303	273	264	256	252	240	253	254	260	276	293	318	344	
438	438	434	415	405	388	351	326	296	249	215	193	167	152	141	139	139	148	165	198	217	259	276	295	357	365	381	411	426	441	436	
---Frame 15---
--endo--
351	381	411	429	457	475	471	454	429	392	364	335	314	293	279	267	280	281	302	329	
392	390	382	373	337	293	265	249	228	213	214	230	243	282	307	352	354	374	386	398	
--epi--
371	401	431	473	486	504	529	538	539	534	524	507	474	462	434	402	372	333	304	274	263	257	252	240	254	254	260	275	293	318	343	
436	437	433	417	404	388	346	327	299	249	213	193	166	151	141	139	137	151	164	201	218	257	277	294	357	364	379	409	424	439	432	
---Frame 16---
--endo--
355	379	409	428	452	474	472	453	427	392	364	334	314	293	279	267	280	281	302	329	
387	386	380	370	341	295	269	250	229	214	215	233	246	283	308	352	356	373	385	396	
--epi--
370	399	430	474	484	502	529	538	539	534	524	507	474	459	434	402	372	333	304	275	262	257	252	240	254	249	260	275	293	318	342	
435	436	432	416	403	388	341	327	301	251	213	196	166	151	140	138	138	154	165	203	219	257	277	293	358	359	379	409	422	438	431	
---Frame 17---
--endo--
351	378	407	428	450	473	473	452	427	392	364	333	309	288	279	267	280	281	302	329	
382	385	379	368	344	296	273	251	231	216	217	236	250	287	309	352	357	368	384	395	
--epi--
369	397	429	474	482	500	527	538	539	534	524	507	473	462	434	402	372	333	304	279	261	257	252	238	253	244	260	276	293	319	341	
433	435	431	416	402	388	341	327	301	253	213	195	166	151	139	138	139	153	165	205	218	261	276	288	359	358	379	404	420	433	431	
---Frame 18---
--endo--
348	376	407	426	450	471	475	451	426	391	364	333	308	284	279	267	281	281	302	329	
377	385	378	369	343	294	277	253	233	217	219	238	254	291	310	353	360	363	383	394	
--epi--
368	396	426	474	480	497	527	538	539	534	524	507	473	462	434	402	372	334	304	280	261	258	249	239	256	243	260	276	294	319	340	
431	434	429	415	400	389	341	329	301	254	213	194	166	151	139	139	140	154	167	205	218	263	280	286	356	359	377	404	419	432	431	
---Frame 19---
--endo--
349	375	405	424	450	469	475	450	425	395	364	334	309	285	279	269	281	281	302	329	
374	383	375	369	338	294	280	255	234	218	220	239	257	293	311	352	360	358	383	392	
--epi--
366	394	425	472	480	493	525	537	539	534	524	507	473	462	434	402	372	334	304	281	260	258	250	240	251	244	260	276	294	319	338	
431	432	427	416	395	393	341	329	296	255	215	197	166	153	142	140	139	155	168	205	219	263	281	286	351	358	372	404	418	432	431	
---Frame 20---
--endo--
351	375	404	424	452	464	474	450	424	395	364	334	310	286	279	268	282	281	302	329	
378	381	375	367	333	289	281	257	235	220	221	241	258	295	312	353	360	353	378	390	
--epi--
366	394	424	472	480	493	524	536	539	534	524	507	473	462	430	402	372	335	304	281	259	258	251	240	250	246	260	276	294	319	337	
431	431	426	415	391	397	341	328	291	255	216	200	166	155	137	141	141	153	168	205	219	262	280	284	346	358	367	404	418	432	431	
---Frame 21---
--endo--
349	373	402	422	450	462	472	448	422	393	362	332	305	284	277	263	280	279	300	327	
378	378	371	367	328	290	281	257	236	221	223	243	262	299	316	357	364	356	373	385	
--epi--
364	392	422	467	478	491	522	534	537	532	522	505	471	460	428	397	370	333	302	277	257	256	249	238	248	244	258	274	292	317	335	
427	430	425	419	389	392	339	325	286	254	215	203	161	150	136	140	140	155	169	200	223	261	280	279	341	356	368	408	420	427	426	
---Frame 22---
--endo--
349	372	400	420	446	462	471	448	422	393	362	332	304	284	277	258	280	279	300	327	
376	377	369	364	325	292	281	258	237	222	224	245	265	303	320	352	368	356	371	382	
--epi--
362	390	421	462	477	489	522	534	537	532	522	505	471	460	428	393	370	333	302	278	254	256	249	236	243	244	253	269	292	317	335	
425	428	423	420	386	387	339	322	286	254	216	203	163	152	137	141	141	154	169	196	224	261	279	274	345	356	363	403	419	431	421	
---Frame 23---
--endo--
349	371	399	419	449	462	469	447	422	393	362	332	305	284	277	258	275	275	300	327	
371	372	366	362	327	293	281	258	238	224	225	246	265	307	324	347	372	360	369	380	
--epi--
361	389	420	457	475	486	521	533	536	532	522	505	471	460	428	395	370	333	302	277	255	256	249	236	242	244	248	265	287	317	335	
424	427	422	417	385	387	340	321	286	254	217	204	162	152	138	141	142	154	167	200	224	264	277	269	345	356	358	398	414	430	418	
---Frame 24---
--endo--
347	370	397	417	450	460	468	446	422	393	362	332	305	284	281	260	270	277	300	327	
366	368	364	360	322	294	281	259	240	225	226	247	265	310	326	349	374	364	367	380	
--epi--
360	388	418	453	473	484	520	532	536	532	522	505	471	460	428	394	370	333	302	279	255	256	249	231	244	244	249	266	287	317	335	
422	425	421	420	385	385	344	321	290	255	219	206	165	154	140	141	142	154	167	197	224	265	281	264	349	360	356	393	411	427	416	
---Frame 25---
--endo--
342	368	396	415	446	459	467	446	421	393	362	332	307	284	284	262	265	278	300	327	
370	367	362	359	325	295	282	261	241	226	228	248	266	313	323	348	375	368	362	375	
--epi--
359	387	417	457	471	481	519	531	536	531	522	505	471	460	428	393	370	333	302	279	256	256	249	227	247	239	252	267	286	317	330	
419	424	419	415	384	385	345	320	294	254	223	206	166	157	140	139	142	154	168	196	223	269	285	259	353	364	358	389	406	427	417	
---Frame 26---
--endo--
337	366	394	412	445	458	466	443	420	393	362	332	308	284	285	262	265	279	295	327	
374	366	360	356	321	297	283	262	242	227	229	249	267	315	324	350	370	372	357	375	
--epi--
358	386	416	457	466	479	517	530	536	532	522	505	471	460	428	394	370	333	302	279	257	256	249	222	248	236	254	269	287	317	329	
416	422	417	414	388	385	345	321	298	258	227	205	166	158	142	142	142	153	167	196	222	272	289	261	348	368	354	389	403	425	416	
---Frame 27---
--endo--
337	365	392	413	443	456	465	441	419	392	362	332	308	284	285	263	265	279	297	327	
378	366	360	356	322	298	285	263	243	229	230	250	268	319	325	350	365	376	352	375	
--epi--
356	384	415	457	465	475	516	528	534	531	522	505	471	459	428	393	370	333	302	279	257	259	249	221	248	231	254	270	288	317	329	
416	421	415	411	386	381	344	321	301	258	228	206	165	157	142	142	141	154	168	196	221	276	289	261	351	363	353	389	403	421	416	
---Frame 28---
--endo--
336	363	391	410	441	451	463	439	417	392	362	332	308	284	286	266	260	278	298	323	
380	366	360	352	325	296	286	264	243	230	233	252	269	323	325	349	361	380	348	375	
--epi--
355	383	414	457	465	473	515	528	533	530	522	505	471	458	428	392	370	333	299	279	257	257	249	221	248	231	255	270	288	317	324	
416	419	414	409	383	385	341	321	300	258	228	205	164	154	142	139	142	154	163	196	222	278	288	261	351	358	352	389	403	420	416	
---Frame 29---
--endo--
336	361	390	409	437	451	462	438	416	391	362	332	308	284	288	266	256	277	300	327	
379	366	360	352	320	298	288	265	245	232	234	252	271	327	324	349	362	384	347	370	
--epi--
354	382	412	457	465	474	512	527	533	529	522	505	470	458	428	392	370	333	299	279	257	259	249	221	248	231	258	271	289	317	319	
416	418	412	407	380	386	339	320	299	257	228	209	164	153	142	140	144	154	162	198	223	275	288	261	351	353	347	389	403	418	413	
---Frame 30---
--endo--
336	360	389	409	441	449	459	437	415	390	362	332	308	288	290	266	252	278	300	327	
375	366	355	352	322	299	288	266	246	233	235	254	271	328	323	345	363	386	347	365	
--epi--
353	381	411	457	465	473	511	526	532	528	522	505	471	457	428	393	370	328	299	276	257	257	249	220	248	231	258	272	290	317	319	
416	416	411	402	376	387	338	320	298	256	229	212	167	153	142	142	143	154	160	202	224	277	288	263	349	348	342	389	403	419	414	
---Frame 31---
--endo--
334	358	387	406	436	447	456	435	413	388	360	330	306	286	288	264	247	276	298	327	
371	361	351	347	318	300	287	266	246	235	237	254	270	332	327	349	367	390	344	360	
--epi--
351	379	409	457	463	468	509	524	530	526	520	503	469	455	426	391	368	326	298	274	258	252	247	218	243	229	253	270	288	315	317	
411	414	408	397	373	383	338	320	298	253	227	207	167	152	142	142	142	155	155	203	219	281	290	264	353	349	337	389	402	418	413	
---Frame 32---
--endo--
334	358	387	405	435	445	453	433	413	388	360	325	301	281	283	264	242	271	298	331	
368	356	349	342	320	300	287	267	248	236	238	258	269	327	322	347	371	385	341	356	
--epi--
351	378	409	461	463	463	508	524	530	526	520	503	469	455	426	386	368	326	299	274	258	253	246	218	245	224	249	270	288	315	317	
406	413	406	393	368	383	337	320	298	255	229	210	162	153	141	139	142	155	153	204	219	282	291	268	357	353	332	389	402	417	412	
---Frame 33---
--endo--
334	358	386	404	431	442	451	428	412	388	360	320	298	280	280	264	237	266	298	333	
365	351	347	343	324	300	288	265	249	238	240	262	270	322	317	346	375	389	340	354	
--epi--
351	377	408	461	462	461	507	524	529	526	520	503	469	455	426	385	368	326	299	274	260	254	247	216	246	222	251	270	288	315	317	
401	411	404	393	364	383	338	320	299	255	229	211	159	154	143	143	141	153	154	205	217	281	291	272	360	357	330	387	399	418	416	
---Frame 34---
--endo--
334	357	385	404	426	440	449	423	411	388	360	320	295	282	281	264	238	263	293	333	
363	351	345	341	319	301	289	262	251	239	241	264	271	319	313	346	378	393	344	355	
--epi--
351	376	406	456	460	458	506	523	529	525	520	503	469	455	426	385	368	326	302	274	262	255	247	216	242	222	251	270	288	315	317	
401	409	403	397	363	383	339	320	298	253	230	211	162	154	144	144	142	150	150	207	215	279	291	274	355	361	330	382	397	418	418	
---Frame 35---
--endo--
332	357	385	407	426	438	447	418	410	388	360	322	295	285	283	259	239	263	288	334	
360	351	342	339	318	302	290	266	253	240	242	267	271	316	313	350	378	388	348	355	
--epi--
351	375	405	458	457	456	505	522	528	525	519	503	469	455	426	385	368	326	302	274	260	255	247	217	243	222	251	270	288	315	317	
401	408	401	395	363	381	339	320	298	253	230	212	163	154	145	142	143	150	150	208	216	279	290	273	350	363	329	377	396	417	417	
---Frame 36---
--endo--
332	355	384	407	427	436	446	419	408	388	360	323	294	286	284	254	239	265	291	338	
360	351	340	338	320	304	291	268	254	242	244	269	270	315	313	353	378	383	352	354	
--epi--
346	375	405	460	456	451	506	521	527	524	518	503	469	455	426	385	368	326	300	274	263	255	247	217	244	222	251	270	288	315	316	
401	406	399	393	361	379	338	321	296	253	229	213	162	155	145	142	143	150	152	209	213	279	289	273	345	363	329	374	397	417	412	
---Frame 37---
--endo--
332	355	383	402	426	434	441	418	406	388	360	323	298	286	285	253	239	267	292	342	
360	346	340	337	320	305	288	266	256	244	245	269	274	316	313	352	378	378	353	352	
--epi--
346	374	404	460	454	451	507	520	526	523	518	503	469	455	426	385	368	326	301	274	264	255	247	217	244	225	252	270	288	315	316	
401	405	398	393	361	379	336	321	296	252	230	215	163	156	147	142	143	150	150	208	212	279	288	272	342	363	328	374	401	417	407	
---Frame 38---
--endo--
327	355	383	405	426	434	440	419	404	387	360	324	302	286	286	254	239	269	294	343	
355	341	340	337	319	307	288	270	257	247	247	269	277	317	314	352	378	373	352	350	
--epi--
347	373	403	456	452	451	506	519	525	522	517	503	469	455	426	385	368	326	300	274	260	255	247	217	245	226	253	270	288	315	317	
401	403	396	397	361	379	334	321	295	251	230	216	164	156	148	142	143	154	151	208	215	279	288	272	342	363	327	374	401	416	402	
---Frame 39---
--endo--
328	356	383	403	426	434	440	419	403	387	360	324	304	286	287	257	242	269	295	344	
350	336	340	337	316	311	288	270	257	248	248	269	279	318	314	356	378	377	352	350	
--epi--
347	373	402	459	447	450	506	518	525	521	517	502	469	455	426	385	368	326	300	274	262	255	247	217	246	226	256	270	288	315	317	
401	401	396	393	357	379	332	321	294	250	232	216	165	157	148	143	143	154	151	208	213	280	287	272	343	363	331	375	399	415	403	
---Frame 40---
--endo--
332	356	383	403	426	434	440	418	401	387	360	325	304	286	288	257	239	270	296	345	
345	331	335	337	313	313	288	266	258	248	249	269	279	319	314	360	378	377	351	350	
--epi--
347	372	402	458	445	450	505	515	525	521	516	501	469	455	426	385	368	326	298	274	264	255	247	217	246	226	256	270	288	315	317	
401	401	396	393	358	379	333	325	293	251	231	213	164	157	150	142	144	153	154	210	212	280	288	271	343	363	335	374	399	414	399	
---Frame 41---
--endo--
330	354	381	401	423	429	435	413	399	385	358	323	302	284	286	255	237	268	294	345	
342	331	330	332	313	313	292	270	259	251	251	270	279	323	309	355	379	372	355	345	
--epi--
345	370	400	457	443	445	503	513	523	519	514	499	467	453	424	383	366	324	296	272	262	253	245	215	241	227	254	268	286	313	315	
396	398	392	388	358	374	332	329	292	249	229	212	163	155	147	141	144	151	158	214	216	281	287	271	342	358	335	375	397	413	400	
---Frame 42---
--endo--
327	354	381	401	421	426	432	412	399	385	355	323	302	284	286	255	237	268	294	347	
337	330	327	330	313	314	293	272	260	253	255	270	281	323	304	353	379	367	357	343	
--epi--
345	370	400	459	441	441	503	512	523	519	514	499	467	453	424	383	366	324	296	272	262	248	245	215	236	229	254	268	281	313	310	
392	396	390	384	357	375	332	333	292	250	230	212	164	156	149	141	143	150	162	218	220	277	288	270	337	356	339	375	392	412	395	
---Frame 43---
--endo--
328	354	381	401	420	423	430	411	399	385	355	323	302	284	286	255	237	268	294	347	
332	329	325	331	313	315	293	274	262	254	256	272	281	324	299	356	379	363	358	344	
--epi--
345	370	399	458	439	440	503	511	523	519	514	499	467	453	424	383	366	324	296	272	262	248	245	215	234	227	254	268	281	313	310	
388	394	389	384	356	371	332	336	291	251	231	213	164	157	150	141	143	147	166	219	222	276	288	270	332	358	337	375	392	411	393	
---Frame 44---
--endo--
327	354	381	401	418	419	428	406	395	380	355	323	302	284	286	255	237	268	294	346	
330	327	324	331	313	315	295	275	265	257	258	271	282	323	299	354	379	363	357	345	
--epi--
345	370	399	457	437	441	503	515	522	519	514	498	467	453	424	383	366	324	296	272	262	248	245	215	234	230	254	268	282	313	310	
387	393	387	384	355	366	332	340	290	252	233	212	165	159	150	140	142	144	169	219	224	275	288	270	328	356	336	375	392	410	393	
---Frame 45---
--endo--
326	354	381	401	413	414	425	405	394	379	355	323	302	284	286	253	232	265	294	348	
330	327	324	330	317	319	297	277	267	257	259	274	277	321	299	353	383	362	357	344	
--epi--
345	370	398	452	436	440	502	517	521	518	513	498	467	453	424	383	366	320	296	272	262	248	245	215	233	229	254	268	286	313	310	
387	392	386	388	355	364	332	339	285	251	232	213	166	160	151	140	142	147	169	220	224	276	288	271	323	357	334	374	396	409	392	
---Frame 46---
--endo--
324	354	381	399	411	412	425	405	391	379	355	323	302	284	286	251	231	262	294	350	
330	326	324	331	321	322	301	279	269	259	260	275	272	320	299	348	384	365	357	342	
--epi--
345	370	398	453	435	438	502	517	521	518	513	497	467	453	424	383	366	318	295	271	262	249	245	215	228	230	254	268	286	313	309	
386	391	385	392	354	364	331	340	285	253	234	213	167	162	152	140	141	151	169	224	222	280	287	271	318	357	331	374	396	409	392	
---Frame 47---
--endo--
323	354	381	399	406	414	425	404	390	378	355	323	302	284	286	251	230	261	293	353	
330	325	324	332	320	319	303	281	271	260	261	274	275	315	299	343	384	364	355	341	
--epi--
345	370	398	452	435	437	501	520	520	517	512	497	467	453	424	383	366	319	295	271	262	253	245	215	227	233	252	264	286	313	308	
389	390	385	393	352	364	333	340	284	252	233	214	167	162	153	139	140	152	169	225	226	281	289	266	319	356	326	378	395	409	392	
---Frame 48---
--endo--
320	354	381	398	406	412	425	403	388	378	354	323	302	284	285	253	230	265	292	353	
330	324	324	336	320	322	303	281	272	260	261	273	276	313	299	339	379	362	357	341	
--epi--
345	370	398	452	435	432	501	515	519	517	512	496	467	453	424	383	366	321	295	272	262	252	245	215	226	233	249	263	286	313	307	
389	390	385	392	351	362	337	341	283	254	235	214	168	163	154	139	139	152	169	222	227	280	288	263	319	356	321	376	396	409	393	
---Frame 49---
--endo--
317	354	381	399	406	413	425	403	388	378	354	323	300	283	280	248	227	267	290	356	
330	323	324	340	320	320	303	281	273	260	261	272	277	313	299	343	383	362	357	340	
--epi--
343	370	399	454	435	430	499	515	519	517	511	496	467	453	423	383	366	323	296	272	262	253	245	215	224	233	246	262	286	313	307	
386	390	385	396	351	362	332	341	283	255	233	216	169	164	154	139	140	150	169	223	227	279	286	258	322	356	320	373	398	411	392	
---Frame 50---
--endo--
314	354	381	399	405	411	425	403	387	379	358	323	297	281	276	250	227	266	291	355	
327	322	325	344	319	324	303	281	272	260	260	271	281	312	299	347	387	366	358	342	
--epi--
338	370	399	454	434	432	500	515	518	517	511	496	467	453	418	383	366	323	296	271	262	253	245	215	226	161	245	266	285	313	306	
386	391	385	397	351	361	336	341	281	255	234	215	171	164	152	138	139	149	169	223	222	277	290	253	319	298	320	370	397	412	393	
---Frame 51---
--endo--
312	352	379	397	403	409	420	401	385	377	356	321	295	277	271	246	225	264	286	350	
326	322	324	346	321	323	307	284	272	260	260	271	281	307	294	345	388	361	362	346	
--epi--
336	368	397	452	432	430	498	510	516	515	509	494	465	451	416	381	364	323	294	269	260	251	243	213	221	159	243	264	283	311	304	
386	391	385	397	352	364	337	345	276	252	229	213	170	163	151	138	138	144	170	219	220	277	290	253	317	297	319	367	395	412	393	
---Frame 52---
--endo--
311	352	379	397	403	408	420	401	385	377	356	321	293	275	271	245	225	264	284	345	
325	323	324	350	323	324	311	286	273	261	261	272	280	305	289	346	384	358	366	341	
--epi--
336	368	397	447	432	430	498	510	516	515	509	494	465	451	416	381	364	324	294	269	260	250	243	213	217	158	238	260	281	311	304	
386	391	388	392	352	362	341	349	276	253	228	212	171	163	153	139	139	142	172	220	219	278	290	257	312	297	314	370	390	412	392	
---Frame 53---
--endo--
309	352	379	397	403	408	420	401	385	377	356	320	291	272	270	240	225	264	282	340	
326	324	325	352	327	326	315	288	275	263	262	272	280	306	285	350	381	362	370	336	
--epi--
336	368	397	442	432	430	497	511	516	515	509	494	465	451	415	381	364	328	294	269	260	247	242	213	215	153	233	257	283	311	304	
386	393	389	387	352	361	344	347	276	254	228	212	172	164	154	140	140	139	175	219	223	278	292	257	314	296	309	374	394	411	392	
---Frame 54---
--endo--
307	352	379	399	404	408	419	401	385	377	353	318	287	268	270	235	222	264	282	340	
326	326	327	356	331	328	316	290	276	264	264	274	284	301	287	354	384	366	373	336	
--epi--
336	368	397	439	432	430	498	512	516	515	509	494	460	451	410	381	364	330	294	266	260	246	241	213	216	153	230	252	280	311	301	
388	397	393	382	353	362	345	346	276	256	229	213	176	163	150	142	141	137	177	223	227	278	296	258	318	296	305	378	391	413	396	
---Frame 55---
--endo--
304	352	379	398	405	408	418	401	385	376	351	315	285	266	272	235	222	263	281	340	
325	329	328	356	331	330	318	293	279	266	266	276	284	297	291	358	381	370	373	337	
--epi--
336	368	398	436	432	430	498	513	516	515	509	494	455	450	407	381	364	328	298	269	259	244	241	209	220	153	230	251	277	311	300	
390	401	397	379	355	363	340	348	278	256	230	213	179	163	149	144	143	139	180	227	229	278	300	260	313	296	305	379	386	414	400	
---Frame 56---
--endo--
302	352	379	399	409	408	418	401	385	373	350	313	283	266	272	235	224	264	281	340	
326	332	329	356	330	332	318	296	282	269	268	279	287	297	294	359	385	368	373	340	
--epi--
332	368	399	435	432	430	497	513	516	515	509	494	455	450	406	381	364	330	298	269	259	248	241	213	223	153	230	251	276	311	301	
394	404	397	379	358	366	340	352	282	255	230	214	183	167	151	147	145	138	181	226	229	278	301	259	313	296	307	379	382	416	399	
---Frame 57---
--endo--
300	352	379	400	410	410	416	401	385	377	349	313	282	270	271	235	221	264	281	340	
328	336	331	356	330	336	318	296	285	271	271	281	287	297	298	363	380	369	373	344	
--epi--
327	363	401	434	432	430	498	514	516	515	509	494	452	450	406	382	364	326	297	269	258	251	240	212	221	153	230	251	276	311	302	
398	408	396	381	360	361	342	355	277	255	231	214	183	171	154	150	148	142	183	226	232	282	297	263	312	296	307	379	382	417	398	
---Frame 58---
--endo--
300	352	379	399	414	410	415	401	385	377	348	311	279	270	269	235	219	264	282	340	
329	337	331	357	329	336	318	296	287	273	273	285	282	297	302	367	378	372	373	348	
--epi--
328	364	400	435	432	430	498	516	516	515	509	494	452	450	405	382	368	326	298	264	257	247	243	212	218	153	230	251	276	311	301	
402	412	400	379	362	356	346	355	272	254	232	215	185	175	155	150	150	142	182	226	234	286	295	263	311	296	305	379	382	417	398	
---Frame 59---
--endo--
299	352	374	401	416	410	415	401	385	377	346	309	279	269	269	235	214	263	282	340	
331	337	335	355	330	339	318	296	287	275	275	286	281	297	306	371	373	374	373	352	
--epi--
330	365	399	436	432	430	498	517	516	515	509	494	452	453	404	377	365	327	298	259	255	244	243	212	214	153	230	251	277	311	300	
406	416	401	379	362	351	350	353	273	255	232	216	186	177	155	152	153	141	180	229	237	290	294	262	311	296	305	374	382	417	400	
---Frame 60---
--endo--
299	352	369	403	417	414	415	401	383	381	344	308	279	269	271	232	212	265	282	335	
332	337	339	356	331	339	318	296	287	275	275	286	281	301	310	375	372	378	373	354	
--epi--
331	366	400	436	431	430	498	521	516	514	509	494	452	452	403	376	365	326	298	257	255	240	239	213	214	153	230	251	278	311	295	
410	420	401	379	364	346	351	352	277	252	232	216	186	178	156	153	151	142	180	230	237	285	289	262	311	296	305	369	386	417	398	
---Frame 61---
--endo--
297	347	364	401	415	412	413	399	381	379	342	303	276	267	266	227	207	261	280	333	
333	332	343	358	334	339	318	300	291	279	279	290	285	301	314	379	367	382	377	349	
--epi--
329	364	397	434	429	428	496	519	514	512	507	492	447	449	401	377	363	324	293	255	255	238	237	213	211	148	228	249	276	309	293	
407	415	405	382	365	341	354	356	272	247	228	214	184	178	157	148	155	146	184	229	232	283	286	257	315	291	302	373	390	420	401	
---Frame 62---
--endo--
297	348	359	401	415	412	413	399	381	378	341	300	274	262	262	222	202	261	275	333	
333	327	344	361	337	338	319	301	293	283	283	293	289	296	318	383	362	386	381	350	
--epi--
329	366	398	434	429	423	492	517	514	512	507	492	442	447	400	377	362	324	291	250	256	238	237	215	212	144	225	249	276	309	293	
411	413	407	382	369	336	358	360	267	246	229	215	188	180	158	147	159	150	182	230	232	283	285	253	316	287	301	373	394	421	400	
---Frame 63---
--endo--
297	350	354	396	415	412	413	399	381	378	340	298	272	266	258	217	199	256	270	333	
334	322	348	362	338	336	320	303	294	285	285	295	293	291	322	387	357	381	385	351	
--epi--
329	368	395	434	429	419	492	517	514	512	507	492	437	446	400	377	361	324	295	254	260	238	237	213	212	139	220	248	274	309	293	
415	413	404	385	373	338	358	363	262	246	229	215	187	181	162	147	163	152	177	233	229	283	287	256	317	286	304	372	397	422	402	
---Frame 64---
--endo--
297	346	352	399	415	412	413	399	381	377	339	298	275	264	254	217	200	255	269	333	
337	322	346	366	338	335	319	303	294	287	287	296	296	286	325	390	357	385	388	353	
--epi--
324	371	397	434	431	421	495	520	514	512	507	492	437	446	398	377	360	324	296	255	262	238	237	213	212	134	215	248	269	309	290	
419	412	405	389	376	340	353	365	263	247	227	214	186	182	164	148	165	154	175	234	229	284	289	256	318	281	304	372	392	422	406	
---Frame 65---
--endo--
297	341	356	401	415	412	408	399	381	377	338	300	274	259	254	217	200	255	267	337	
339	322	349	370	336	334	316	303	294	288	287	297	296	281	325	394	357	389	388	348	
--epi--
319	367	398	435	426	425	494	520	514	512	507	492	437	443	396	372	364	324	296	255	259	238	234	213	212	130	215	248	266	309	291	
419	414	407	392	371	342	348	364	263	247	228	215	190	182	166	152	166	157	176	235	231	286	291	256	319	276	304	376	391	421	406	
---Frame 66---
--endo--
297	338	352	399	415	407	403	394	381	375	337	300	273	257	254	217	200	258	267	337	
340	322	344	374	338	330	313	299	294	288	286	297	296	278	325	398	358	393	388	348	
--epi--
316	371	393	435	421	426	495	523	514	512	507	492	437	440	398	367	365	324	296	255	263	233	235	214	212	125	215	247	265	309	293	
417	413	406	392	372	342	349	364	265	247	230	216	191	184	169	156	163	157	175	238	228	283	288	254	318	280	300	380	392	421	404	
---Frame 67---
--endo--
301	337	356	394	415	409	403	390	376	376	337	299	273	255	254	214	199	262	267	339	
344	322	348	378	334	329	310	298	292	287	286	294	294	279	325	401	357	397	388	345	
--epi--
313	373	394	436	416	428	496	526	514	512	507	492	437	442	397	366	364	324	296	255	259	231	235	213	212	125	218	251	265	309	292	
415	412	408	391	376	341	350	363	268	248	231	217	190	187	170	160	164	157	175	233	231	281	286	255	317	281	299	381	392	425	408	
---Frame 68---
--endo--
298	341	360	389	415	411	403	390	371	376	335	299	272	255	254	214	199	263	267	337	
348	322	352	377	331	328	306	295	290	284	283	292	289	279	325	401	358	401	388	348	
--epi--
311	372	398	435	419	428	495	528	514	512	507	492	437	437	397	365	364	324	296	254	262	231	236	213	212	125	221	251	264	309	291	
419	413	408	394	379	336	345	363	263	247	232	218	193	183	170	164	163	157	172	232	230	278	288	255	316	281	299	381	392	427	412	
---Frame 69---
--endo--
298	344	364	386	415	412	404	391	369	377	335	298	271	251	254	214	200	263	267	332	
345	317	356	372	328	325	302	291	286	280	278	287	288	276	325	401	359	405	388	352	
--epi--
309	301	398	435	421	428	496	529	514	512	507	492	441	438	397	364	364	322	295	252	263	227	237	212	211	125	223	251	264	309	290	
423	355	410	395	378	332	344	362	262	247	232	220	197	184	170	164	165	157	169	232	227	282	289	257	320	281	300	381	394	427	416	
---Frame 70---
--endo--
293	345	366	386	415	412	405	391	365	377	334	294	271	251	254	214	200	263	267	327	
340	312	360	371	324	324	299	287	287	276	274	284	290	278	325	401	363	409	388	356	
--epi--
309	305	398	435	421	428	496	529	510	512	507	492	442	437	397	362	364	322	295	252	265	226	236	215	206	125	223	249	259	309	290	
423	359	413	395	379	331	346	362	262	248	234	224	201	185	170	163	164	157	164	231	226	283	286	252	315	281	300	385	391	429	420	
---Frame 71---
--endo--
291	340	361	381	413	410	403	389	363	375	332	292	269	246	249	212	200	261	262	325	
339	307	364	375	320	319	294	282	282	271	269	281	290	282	329	403	358	411	383	360	
--epi--
304	306	396	433	416	426	494	527	508	510	505	490	440	435	395	360	362	320	295	248	263	225	234	214	202	121	221	247	256	307	288	
424	354	417	399	383	327	350	366	257	245	233	227	205	187	169	160	164	156	159	235	230	278	286	247	315	276	301	389	395	431	421	
---Frame 72---
--endo--
295	335	356	377	413	410	403	389	363	370	332	289	269	243	244	207	204	261	260	325	
334	302	366	377	316	314	289	277	277	266	264	276	285	283	324	405	353	413	379	362	
--epi--
299	310	396	433	414	426	494	527	507	510	505	490	435	435	395	360	362	320	299	250	263	226	234	215	197	121	221	247	256	307	288	
425	349	421	403	387	322	354	370	252	243	232	227	209	185	168	156	161	155	154	233	232	277	286	245	319	275	302	390	396	433	421	
---Frame 73---
--endo--
295	330	360	377	413	410	403	389	363	365	327	289	268	244	244	202	201	261	260	325	
330	297	370	378	311	309	284	272	272	261	259	271	283	285	322	400	357	416	380	363	
--epi--
298	306	396	433	410	426	495	527	506	510	505	490	430	432	395	360	361	317	297	249	263	230	234	216	192	121	221	247	255	307	288	
425	353	425	407	390	317	358	374	247	240	229	222	212	189	168	153	157	157	157	230	228	273	286	244	323	275	305	392	400	432	421	
---Frame 74---
--endo--
293	327	360	376	413	410	403	389	363	362	323	290	268	239	245	200	201	261	261	325	
334	294	368	382	309	309	279	267	267	256	254	266	278	280	317	395	357	418	381	365	
--epi--
298	305	400	437	412	426	497	529	507	510	505	490	429	428	395	360	361	317	300	250	263	229	234	217	191	121	221	247	255	307	288	
426	354	429	410	394	316	358	378	247	239	226	220	214	193	166	151	154	155	154	229	225	275	286	243	325	275	304	395	401	432	420	
---Frame 75---
--endo--
292	322	355	371	413	410	403	389	363	359	322	289	268	240	246	199	205	256	265	325	
335	298	363	386	310	309	276	262	262	255	249	261	273	275	312	390	352	413	384	366	
--epi--
297	308	400	438	412	426	497	528	508	510	505	490	430	425	395	360	361	317	297	245	261	229	234	214	191	121	221	247	255	307	288	
426	352	429	409	394	316	359	378	247	237	225	218	214	197	164	148	152	154	158	224	223	276	285	247	329	275	303	395	401	434	420	
---Frame 76---
--endo--
292	320	354	369	413	410	403	389	363	358	323	286	268	240	246	199	205	254	265	320	
333	302	358	389	309	309	274	257	257	253	244	256	268	270	310	386	352	415	383	362	
--epi--
297	307	395	440	413	426	496	531	508	510	505	490	425	425	395	360	362	317	299	240	263	229	234	215	191	121	221	247	255	307	288	
427	353	433	407	394	316	362	378	247	233	223	213	209	201	163	148	150	155	158	219	221	277	285	245	330	275	302	395	401	437	421	
---Frame 77---
--endo--
292	320	358	369	412	405	403	389	363	359	323	284	267	240	246	195	205	254	265	320	
331	305	353	391	309	304	273	255	252	251	239	251	263	270	310	381	352	416	387	364	
--epi--
296	306	396	442	413	426	500	534	508	510	505	485	425	429	395	360	362	319	302	237	260	232	234	215	191	121	221	247	255	307	288	
427	354	436	406	394	316	357	377	247	233	219	209	204	196	163	148	149	156	155	216	218	274	286	245	325	275	302	394	401	437	422	
---Frame 78---
--endo--
287	319	360	364	413	400	403	389	363	359	323	283	267	240	241	195	205	252	265	320	
335	305	356	392	309	299	273	253	250	251	236	248	259	268	310	381	352	417	387	365	
--epi--
296	308	396	443	412	426	498	534	508	510	505	486	421	430	395	360	362	319	306	232	259	231	234	215	191	121	221	247	255	307	288	
429	353	437	404	394	316	361	377	247	233	219	209	207	193	161	148	149	153	153	211	216	276	286	245	324	275	302	398	403	437	424	
---Frame 79---
--endo--
283	319	364	364	413	397	403	389	363	358	323	283	267	239	237	196	205	247	261	319	
339	301	356	392	309	294	273	253	250	252	234	248	259	267	310	381	352	421	384	366	
--epi--
296	310	396	443	413	426	499	534	508	510	505	486	420	428	395	358	359	318	302	233	258	230	234	215	191	121	221	247	255	307	288	
430	352	438	405	394	316	361	377	247	233	219	209	210	197	161	148	149	148	155	210	214	277	288	245	325	275	302	402	405	438	426	
---Frame 80---
--endo--
282	317	359	363	408	394	403	389	363	357	322	285	266	239	232	194	204	246	260	319	
343	298	355	391	304	289	273	253	249	253	234	248	259	266	305	383	353	424	385	367	
--epi--
296	311	396	442	413	426	502	530	508	510	505	484	421	426	395	356	359	317	305	232	258	232	234	216	191	121	221	247	259	307	287	
432	351	439	408	394	316	358	378	247	233	219	209	207	195	164	148	149	148	153	211	213	276	289	244	325	275	301	406	403	439	430	
---Frame 81---
--endo--
280	315	354	358	406	389	398	387	361	355	320	283	264	235	228	194	202	244	258	317	
347	302	354	395	299	292	277	248	244	248	236	251	261	269	307	378	357	421	384	366	
--epi--
294	306	394	440	408	424	500	528	506	508	503	482	416	423	393	354	357	316	303	232	256	230	232	215	186	119	219	245	256	305	285	
432	355	441	409	398	311	362	382	242	228	214	204	202	191	168	143	145	143	153	206	216	277	290	239	322	275	302	401	406	438	431	
---Frame 82---
--endo--
280	315	349	353	406	384	396	387	361	350	320	283	264	230	227	196	201	244	258	317	
347	298	356	397	294	290	279	247	240	243	236	251	263	264	305	374	361	423	382	367	
--epi--
294	301	394	440	405	424	500	528	506	508	503	482	419	421	393	354	357	317	304	234	256	230	232	217	183	119	219	245	256	305	285	
433	359	443	411	402	306	366	386	237	227	211	203	197	195	164	143	146	142	148	203	217	277	290	236	326	275	302	400	406	439	430	
---Frame 83---
--endo--
280	314	353	348	406	380	400	387	361	345	320	283	263	225	226	196	200	244	258	317	
347	302	351	401	293	285	283	247	241	238	236	252	267	267	305	374	364	420	382	368	
--epi--
294	296	389	440	407	424	500	532	506	508	503	482	419	420	388	353	352	317	307	233	256	230	232	215	183	119	219	245	255	305	285	
430	363	444	414	406	303	370	389	232	222	211	202	192	193	168	143	145	143	146	204	221	276	290	238	330	275	302	400	407	439	425	
---Frame 84---
--endo--
280	310	355	343	406	384	403	387	361	349	320	283	261	225	222	196	200	244	257	317	
348	302	355	400	291	286	285	248	241	233	236	253	271	266	304	374	364	421	381	369	
--epi--
294	291	385	440	408	424	500	535	506	508	503	482	419	424	383	354	348	317	311	232	256	230	232	215	181	119	219	245	255	305	285	
432	358	445	415	409	302	374	388	232	220	214	201	192	195	172	145	147	143	143	205	218	274	290	238	334	275	302	400	407	438	424	
---Frame 85---
--endo--
279	308	352	342	406	388	406	387	361	353	320	283	260	227	221	196	199	244	257	317	
348	303	350	403	291	286	284	249	242	228	237	254	274	261	305	374	366	421	379	370	
--epi--
294	292	385	440	410	424	500	538	506	508	503	482	419	422	380	349	348	319	312	234	256	230	232	216	181	119	219	245	254	305	285	
432	360	445	418	409	301	378	388	232	220	216	201	195	195	176	142	146	139	142	203	218	276	290	237	338	275	302	400	409	437	425	
---Frame 86---
--endo--
278	308	354	341	406	383	408	387	361	353	320	282	259	227	216	198	199	244	257	317	
350	307	345	398	292	290	283	250	242	223	237	254	274	261	309	372	366	423	380	371	
--epi--
294	292	386	440	411	419	500	535	506	508	503	481	419	424	384	348	348	318	313	234	256	230	232	216	181	119	219	245	254	305	285	
433	361	446	420	409	302	382	388	232	219	215	200	196	196	176	146	148	141	142	203	220	276	285	237	340	275	303	401	410	441	427	
---Frame 87---
--endo--
278	305	349	341	406	379	406	387	361	353	320	283	258	227	211	196	198	244	257	317	
350	311	345	397	292	294	284	250	243	218	238	252	274	265	306	375	368	427	381	372	
--epi--
294	291	387	440	411	419	500	537	506	508	503	481	419	419	384	344	349	318	314	233	256	230	231	216	181	119	219	245	254	305	285	
433	359	447	421	409	301	386	389	232	218	214	198	195	193	175	146	151	142	141	204	215	275	282	237	340	275	305	401	412	441	429	
---Frame 88---
--endo--
277	309	352	341	406	379	408	382	361	354	319	283	257	224	206	195	193	244	257	317	
352	306	349	398	291	298	283	248	244	218	239	253	274	269	307	376	368	431	381	372	
--epi--
294	291	388	440	411	422	500	540	506	508	503	481	419	414	387	342	344	319	312	235	256	230	231	217	180	119	219	245	258	305	285	
435	359	448	423	409	303	389	389	232	219	212	198	192	188	178	146	149	141	144	201	219	275	283	236	335	275	308	403	415	441	430	
---Frame 89---
--endo--
277	310	351	341	406	379	406	377	361	349	319	280	256	223	201	198	190	239	256	317	
351	308	344	399	294	302	284	247	245	213	240	255	274	273	308	372	367	435	382	373	
--epi--
294	290	389	440	411	423	500	535	506	508	503	481	419	413	387	341	344	319	311	232	256	230	230	215	181	119	219	245	259	305	285	
436	361	449	423	409	303	389	388	232	221	216	197	192	192	176	150	151	140	145	204	218	275	285	239	330	275	310	406	415	442	431	
---Frame 90---
--endo--
277	314	349	341	406	379	405	374	361	344	317	279	255	223	201	198	189	234	255	317	
351	304	348	399	291	304	285	248	246	217	242	258	274	273	308	372	367	439	386	374	
--epi--
294	289	389	439	411	424	500	537	506	508	503	481	419	414	387	341	344	319	313	231	256	230	230	216	181	119	214	245	259	305	285	
435	359	450	423	409	302	389	388	232	222	215	196	192	193	175	151	152	140	142	205	219	277	285	238	329	275	313	404	415	442	432	
---Frame 91---
--endo--
275	310	344	339	404	377	403	369	359	342	315	277	253	221	199	199	187	233	253	315	
354	307	350	400	286	299	280	248	248	221	243	258	277	275	307	367	368	434	387	374	
--epi--
292	285	387	437	409	422	498	535	504	506	501	479	417	409	384	339	342	318	312	229	254	231	228	216	179	117	212	243	257	303	283	
435	363	451	424	409	300	393	392	227	217	211	195	187	195	171	150	150	135	137	209	222	272	285	233	331	275	313	405	413	445	432	
---Frame 92---
--endo--
275	312	342	339	404	376	399	372	359	342	315	277	253	221	199	199	187	234	253	315	
353	304	345	402	286	294	284	249	249	225	244	260	278	276	308	367	369	432	387	375	
--epi--
292	284	387	437	409	422	498	535	504	506	501	475	417	412	383	339	342	318	313	228	254	234	228	218	179	117	215	238	257	303	283	
435	367	453	425	410	300	393	396	223	216	210	192	182	198	173	153	153	135	136	213	225	267	288	229	331	275	308	400	414	444	432	
---Frame 93---
--endo--
275	312	344	339	404	377	399	370	359	342	315	277	253	221	199	199	187	236	253	315	
353	305	340	404	290	289	286	248	250	229	245	261	279	277	308	367	369	429	387	375	
--epi--
287	284	387	437	409	422	498	538	504	506	501	476	417	412	384	337	338	319	316	227	254	230	228	217	179	117	218	233	257	303	283	
430	371	454	427	414	297	397	400	219	215	210	192	178	201	174	152	153	135	133	217	226	271	288	230	331	275	305	400	415	443	433	
---Frame 94---
--endo--
275	312	345	339	400	377	394	372	359	341	315	277	253	221	199	199	187	231	253	315	
352	304	344	405	285	284	289	249	251	232	245	261	281	277	308	367	369	424	387	376	
--epi--
282	284	387	437	405	422	500	540	504	506	501	479	412	410	385	339	339	320	315	226	254	230	228	217	179	117	215	233	257	298	281	
429	374	455	427	418	301	401	399	219	215	210	196	173	196	172	156	154	134	135	220	228	270	288	230	331	275	308	400	415	438	428	
---Frame 95---
--endo--
275	307	340	339	399	377	390	371	359	341	315	277	253	221	199	199	187	226	252	315	
353	307	339	405	285	279	284	250	251	232	245	261	282	274	308	367	371	424	388	377	
--epi--
280	284	387	437	406	422	500	544	504	506	501	479	407	405	385	335	335	320	315	226	254	229	228	218	179	117	215	233	257	293	280	
430	374	456	428	422	304	401	398	219	216	210	200	168	200	173	159	158	134	135	220	228	271	289	228	330	275	308	400	416	437	425	
---Frame 96---
--endo--
274	307	335	339	402	377	394	372	359	341	315	277	252	221	199	199	187	225	252	315	
353	304	334	406	287	274	287	251	251	232	245	262	282	272	303	367	371	424	388	377	
--epi--
280	283	387	437	407	420	503	548	504	506	501	479	404	405	385	337	335	317	314	226	254	229	228	216	179	117	215	233	257	290	280	
430	374	457	429	424	308	400	396	219	216	211	204	163	203	171	155	157	138	137	220	230	271	291	231	330	275	308	400	416	432	426	
---Frame 97---
--endo--
274	311	334	339	403	372	393	372	359	341	315	277	252	222	199	199	187	225	252	315	
353	300	338	407	282	269	283	251	252	232	245	262	282	267	301	367	372	424	387	379	
--epi--
281	284	391	437	407	415	506	550	504	506	501	479	399	405	385	335	334	313	315	226	254	229	228	216	179	117	216	233	257	285	279	
429	374	461	430	424	312	399	397	219	216	211	205	158	204	175	157	158	142	135	220	232	271	291	231	331	275	307	396	417	428	426	
---Frame 98---
--endo--
273	312	338	340	398	376	397	372	359	341	315	273	251	223	199	199	187	224	252	315	
353	303	333	411	278	267	282	251	251	232	246	266	282	264	301	367	372	424	388	379	
--epi--
285	283	390	437	408	419	506	550	504	506	501	479	399	405	385	335	338	317	315	225	254	231	228	215	179	117	219	232	257	285	279	
426	374	462	430	424	307	399	396	219	215	211	200	153	205	176	156	154	146	136	220	233	268	292	232	331	275	303	391	417	428	427	
---Frame 99---
--endo--
273	311	335	340	393	377	398	372	359	341	315	273	251	222	199	200	187	223	252	315	
354	307	337	411	273	268	279	250	251	232	245	267	283	265	302	366	372	424	386	380	
--epi--
287	284	393	437	409	422	506	550	504	506	501	479	399	406	385	339	342	317	315	225	254	231	228	216	179	117	216	232	257	285	279	
425	374	461	431	424	311	399	396	219	214	210	195	148	204	174	153	156	150	136	220	233	268	292	230	331	275	307	389	418	428	427	
---Frame 100---
--endo--
273	312	334	340	391	372	393	372	359	342	315	272	251	222	199	200	186	218	251	315	
354	308	339	411	268	268	280	250	251	232	245	269	284	265	302	366	374	424	384	380	
--epi--
287	284	388	437	409	423	506	550	504	506	498	479	399	406	380	339	342	313	315	224	254	230	228	216	179	117	216	227	257	286	279	
425	374	463	431	424	314	399	396	219	212	205	193	147	204	171	153	154	152	136	220	233	270	292	230	331	275	307	384	418	428	427	
---Frame 101---
--endo--
271	307	330	338	388	370	388	370	357	340	313	270	249	220	197	195	184	216	249	313	
355	312	338	409	263	271	284	249	251	236	245	270	285	266	301	370	375	424	384	379	
--epi--
285	279	386	435	407	421	504	545	502	504	496	477	394	404	375	337	340	311	313	223	252	228	226	215	177	115	214	225	255	284	277	
426	373	461	430	428	315	403	391	214	212	200	192	151	203	172	153	153	153	140	215	235	274	292	225	332	275	304	381	418	430	428	
---Frame 102---
--endo--
271	307	332	338	388	370	389	370	357	340	313	270	249	220	197	190	184	216	249	313	
355	316	341	409	258	270	279	248	250	240	245	270	285	266	302	367	375	424	383	379	
--epi--
285	274	386	435	407	421	504	544	497	504	492	477	393	404	370	337	335	311	313	225	252	228	226	216	177	115	214	225	255	284	277	
426	373	462	430	429	312	404	395	209	211	197	191	155	203	176	154	157	157	141	211	234	275	293	223	332	275	304	381	418	430	428	
---Frame 103---
--endo--
271	308	332	338	389	370	384	370	357	340	313	270	249	220	197	185	184	216	249	313	
355	313	342	409	253	269	276	247	249	240	244	271	285	266	302	370	374	424	384	380	
--epi--
285	273	386	435	407	421	504	544	492	504	496	477	388	404	365	335	333	311	312	224	252	228	226	216	177	115	214	225	255	284	277	
426	373	462	430	430	316	406	396	204	210	201	191	159	204	180	154	156	161	141	212	233	274	293	223	332	275	304	382	418	430	428	